1 

-1.0	-1.0	-1.0	-1.0	-1.0	-1.0	-1.0	-1.0	-1.0	-1.0	-1.0	-1.0	-1.0	-1.0	-1.0	-1.0	-1.0	-1.0	-1.0	-1.0	-1.0	-1.0	-1.0	-1.0	-1.0	-1.0	-1.0	-1.0	
-1.0	-1.0	-1.0	-1.0	-1.0	-1.0	-1.0	-1.0	-1.0	-1.0	-1.0	-1.0	-1.0	-1.0	-1.0	-1.0	-1.0	-1.0	-1.0	-1.0	-1.0	-1.0	-1.0	-1.0	-1.0	-1.0	-1.0	-1.0	
-1.0	-1.0	-1.0	-1.0	-1.0	-1.0	-1.0	-1.0	-1.0	-1.0	-1.0	-1.0	-1.0	-1.0	-1.0	-1.0	-1.0	-1.0	-1.0	-1.0	-1.0	-1.0	-1.0	-1.0	-1.0	-1.0	-1.0	-1.0	
-1.0	-1.0	-1.0	-1.0	-1.0	-1.0	-1.0	-1.0	-1.0	-1.0	-1.0	-1.0	-1.0	-1.0	-1.0	-1.0	-1.0	-1.0	-1.0	-1.0	-1.0	-1.0	-1.0	-1.0	-1.0	-1.0	-1.0	-1.0	
-1.0	-1.0	-1.0	-1.0	-1.0	-1.0	-1.0	-1.0	-1.0	-1.0	-1.0	-1.0	-1.0	-1.0	-1.0	-1.0	-1.0	-1.0	-1.0	-1.0	-1.0	-1.0	-1.0	-1.0	-1.0	-1.0	-1.0	-1.0	
-1.0	-1.0	-1.0	-1.0	-1.0	-1.0	-1.0	-1.0	-1.0	-1.0	-1.0	-1.0	-1.0	-1.0	-1.0	-1.0	-1.0	-1.0	-0.584313725490196	-0.3254901960784313	0.48235294117647065	0.16862745098039222	-0.6392156862745098	-1.0	-1.0	-1.0	-1.0	-1.0	
-1.0	-1.0	-1.0	-1.0	-1.0	-1.0	-1.0	-1.0	-1.0	-1.0	-1.0	-1.0	-1.0	-1.0	-1.0	-1.0	-0.584313725490196	0.1843137254901961	0.780392156862745	1.0	1.0	1.0	0.607843137254902	-0.24705882352941178	-1.0	-1.0	-1.0	-1.0	
-1.0	-1.0	-1.0	-1.0	-1.0	-1.0	-1.0	-1.0	-1.0	-1.0	-1.0	-1.0	-1.0	-1.0	-0.22352941176470587	0.1215686274509804	0.3411764705882352	1.0	1.0	1.0	1.0	1.0	1.0	0.9058823529411764	0.1215686274509804	-1.0	-1.0	-1.0	
-1.0	-1.0	-1.0	-1.0	-1.0	-1.0	-1.0	-1.0	-1.0	-1.0	-1.0	-1.0	-1.0	0.16862745098039222	0.8745098039215686	1.0	1.0	0.9058823529411764	0.6392156862745098	0.6392156862745098	0.6784313725490196	1.0	1.0	1.0	0.41960784313725497	-1.0	-1.0	-1.0	
-1.0	-1.0	-1.0	-1.0	-1.0	-1.0	-1.0	-1.0	-1.0	-1.0	-1.0	-0.34901960784313724	0.41176470588235303	0.9137254901960785	1.0	0.7647058823529411	0.07450980392156858	-0.44313725490196076	-1.0	-1.0	-0.7803921568627451	0.41960784313725497	1.0	1.0	0.9607843137254901	-1.0	-1.0	-1.0	
-1.0	-1.0	-1.0	-1.0	-1.0	-1.0	-1.0	-1.0	-1.0	-1.0	-0.4980392156862745	0.6313725490196078	1.0	1.0	1.0	0.41176470588235303	-1.0	-1.0	-1.0	-1.0	-1.0	0.5921568627450979	1.0	1.0	0.5294117647058822	-1.0	-1.0	-1.0	
-1.0	-1.0	-1.0	-1.0	-1.0	-1.0	-1.0	-1.0	-1.0	-1.0	0.4274509803921569	1.0	1.0	1.0	0.7176470588235293	-0.11372549019607847	-1.0	-1.0	-1.0	-1.0	-0.45882352941176474	0.7098039215686274	1.0	1.0	0.07450980392156858	-1.0	-1.0	-1.0	
-1.0	-1.0	-1.0	-1.0	-1.0	-1.0	-1.0	-1.0	-1.0	0.5215686274509803	1.0	1.0	1.0	1.0	0.2313725490196079	-1.0	-1.0	-1.0	-1.0	-1.0	0.6313725490196078	1.0	1.0	0.607843137254902	-0.6705882352941177	-1.0	-1.0	-1.0	
-1.0	-1.0	-1.0	-1.0	-1.0	-1.0	-1.0	-1.0	0.16862745098039222	0.9137254901960785	1.0	1.0	0.9058823529411764	0.09019607843137245	-0.30980392156862746	-1.0	-1.0	-1.0	-1.0	0.2941176470588236	0.9294117647058824	1.0	0.7882352941176471	-0.584313725490196	-1.0	-1.0	-1.0	-1.0	
-1.0	-1.0	-1.0	-1.0	-1.0	-1.0	-1.0	-0.22352941176470587	0.8745098039215686	1.0	1.0	1.0	0.1843137254901961	-1.0	-1.0	-1.0	-1.0	-1.0	-1.0	0.8823529411764706	1.0	1.0	0.1843137254901961	-1.0	-1.0	-1.0	-1.0	-1.0	
-1.0	-1.0	-1.0	-1.0	-1.0	-1.0	-0.45882352941176474	0.7725490196078431	1.0	1.0	0.7176470588235293	-0.11372549019607847	-1.0	-1.0	-1.0	-1.0	-1.0	0.33333333333333326	0.9294117647058824	1.0	1.0	0.21568627450980382	-1.0	-1.0	-1.0	-1.0	-1.0	-1.0	
-1.0	-1.0	-1.0	-1.0	-1.0	-1.0	0.6392156862745098	1.0	1.0	0.9215686274509804	-0.11372549019607847	-1.0	-1.0	-1.0	-1.0	-0.7019607843137254	0.43529411764705883	0.9137254901960785	1.0	1.0	0.21568627450980382	-1.0	-1.0	-1.0	-1.0	-1.0	-1.0	-1.0	
-1.0	-1.0	-1.0	-1.0	-1.0	-0.4274509803921569	0.9137254901960785	1.0	1.0	-0.0039215686274509665	-1.0	-1.0	-1.0	-1.0	-1.0	0.5372549019607844	1.0	1.0	0.9058823529411764	0.4901960784313726	-1.0	-1.0	-1.0	-1.0	-1.0	-1.0	-1.0	-1.0	
-1.0	-1.0	-1.0	-1.0	-1.0	0.4274509803921569	1.0	1.0	0.5137254901960784	-0.7333333333333334	-1.0	-1.0	-1.0	0.16862745098039222	0.5607843137254902	1.0	1.0	1.0	0.4274509803921569	-1.0	-1.0	-1.0	-1.0	-1.0	-1.0	-1.0	-1.0	-1.0	
-1.0	-1.0	-1.0	-1.0	-1.0	0.5372549019607844	1.0	0.7568627450980392	-0.7333333333333334	-1.0	-1.0	-0.34901960784313724	0.5686274509803921	0.9843137254901961	1.0	1.0	1.0	0.5215686274509803	-0.7333333333333334	-1.0	-1.0	-1.0	-1.0	-1.0	-1.0	-1.0	-1.0	-1.0	
-1.0	-1.0	-1.0	-1.0	-1.0	0.7725490196078431	1.0	0.4980392156862745	-0.3803921568627451	0.16862745098039222	0.5372549019607844	0.8509803921568628	1.0	1.0	0.968627450980392	0.41176470588235303	-0.11372549019607847	-1.0	-1.0	-1.0	-1.0	-1.0	-1.0	-1.0	-1.0	-1.0	-1.0	-1.0	
-1.0	-1.0	-1.0	-1.0	-1.0	0.5372549019607844	1.0	0.9058823529411764	0.9372549019607843	1.0	1.0	1.0	1.0	0.6862745098039216	-0.04313725490196074	-1.0	-1.0	-1.0	-1.0	-1.0	-1.0	-1.0	-1.0	-1.0	-1.0	-1.0	-1.0	-1.0	
-1.0	-1.0	-1.0	-1.0	-1.0	0.7725490196078431	1.0	1.0	1.0	1.0	0.9764705882352942	0.6470588235294117	0.11372549019607847	-0.4980392156862745	-1.0	-1.0	-1.0	-1.0	-1.0	-1.0	-1.0	-1.0	-1.0	-1.0	-1.0	-1.0	-1.0	-1.0	
-1.0	-1.0	-1.0	-1.0	-1.0	0.24705882352941178	0.8745098039215686	1.0	1.0	0.6705882352941177	-0.11372549019607847	-1.0	-1.0	-1.0	-1.0	-1.0	-1.0	-1.0	-1.0	-1.0	-1.0	-1.0	-1.0	-1.0	-1.0	-1.0	-1.0	-1.0	
-1.0	-1.0	-1.0	-1.0	-1.0	-1.0	-0.45882352941176474	-0.33333333333333337	-0.33333333333333337	-0.8274509803921568	-1.0	-1.0	-1.0	-1.0	-1.0	-1.0	-1.0	-1.0	-1.0	-1.0	-1.0	-1.0	-1.0	-1.0	-1.0	-1.0	-1.0	-1.0	
-1.0	-1.0	-1.0	-1.0	-1.0	-1.0	-1.0	-1.0	-1.0	-1.0	-1.0	-1.0	-1.0	-1.0	-1.0	-1.0	-1.0	-1.0	-1.0	-1.0	-1.0	-1.0	-1.0	-1.0	-1.0	-1.0	-1.0	-1.0	
-1.0	-1.0	-1.0	-1.0	-1.0	-1.0	-1.0	-1.0	-1.0	-1.0	-1.0	-1.0	-1.0	-1.0	-1.0	-1.0	-1.0	-1.0	-1.0	-1.0	-1.0	-1.0	-1.0	-1.0	-1.0	-1.0	-1.0	-1.0	
-1.0	-1.0	-1.0	-1.0	-1.0	-1.0	-1.0	-1.0	-1.0	-1.0	-1.0	-1.0	-1.0	-1.0	-1.0	-1.0	-1.0	-1.0	-1.0	-1.0	-1.0	-1.0	-1.0	-1.0	-1.0	-1.0	-1.0	-1.0	
