0 0 0 0 1 0 0 0 0 0 

-1.0	-1.0	-1.0	-1.0	-1.0	-1.0	-1.0	-1.0	-1.0	-1.0	-1.0	-1.0	-1.0	-1.0	-1.0	-1.0	-1.0	-1.0	-1.0	-1.0	-1.0	-1.0	-1.0	-1.0	-1.0	-1.0	-1.0	-1.0	
-1.0	-1.0	-1.0	-1.0	-1.0	-1.0	-1.0	-1.0	-1.0	-1.0	-1.0	-1.0	-1.0	-1.0	-1.0	-1.0	-1.0	-1.0	-1.0	-1.0	-1.0	-1.0	-1.0	-1.0	-1.0	-1.0	-1.0	-1.0	
-1.0	-1.0	-1.0	-1.0	-1.0	-1.0	-1.0	-1.0	-1.0	-1.0	-1.0	-1.0	-1.0	-1.0	-1.0	-1.0	-1.0	-1.0	-1.0	-1.0	-1.0	-1.0	-1.0	-1.0	-1.0	-1.0	-1.0	-1.0	
-1.0	-1.0	-1.0	-1.0	-1.0	-1.0	-1.0	-1.0	-1.0	-1.0	-1.0	-1.0	-1.0	-1.0	-1.0	-1.0	-1.0	-1.0	-1.0	-1.0	-1.0	-1.0	-1.0	-1.0	-1.0	-1.0	-1.0	-1.0	
-1.0	-1.0	-1.0	-1.0	-1.0	-1.0	-1.0	-1.0	-1.0	-1.0	-1.0	-1.0	-1.0	-1.0	-1.0	-1.0	-1.0	-1.0	-1.0	-1.0	-1.0	-1.0	-1.0	-1.0	-1.0	-1.0	-1.0	-1.0	
-1.0	-1.0	-1.0	-1.0	-1.0	-1.0	0.5529411764705883	0.5686274509803921	-0.22352941176470587	-1.0	-1.0	-1.0	-1.0	-1.0	-1.0	-1.0	-1.0	-1.0	-0.2941176470588235	0.6784313725490196	-1.0	-1.0	-1.0	-1.0	-1.0	-1.0	-1.0	-1.0	
-1.0	-1.0	-1.0	-1.0	-1.0	-1.0	0.8509803921568628	0.9921568627450981	0.09019607843137245	-1.0	-1.0	-1.0	-1.0	-1.0	-1.0	-1.0	-1.0	-1.0	-0.2313725490196078	0.8666666666666667	0.5607843137254902	-1.0	-1.0	-1.0	-1.0	-1.0	-1.0	-1.0	
-1.0	-1.0	-1.0	-1.0	-1.0	0.22352941176470598	0.9764705882352942	0.9921568627450981	0.09019607843137245	-1.0	-1.0	-1.0	-1.0	-1.0	-1.0	-1.0	-1.0	-1.0	-0.050980392156862786	0.968627450980392	0.8980392156862744	-1.0	-1.0	-1.0	-1.0	-1.0	-1.0	-1.0	
-1.0	-1.0	-1.0	-1.0	-1.0	0.2784313725490195	0.9921568627450981	0.9921568627450981	0.09019607843137245	-1.0	-1.0	-1.0	-1.0	-1.0	-1.0	-1.0	-1.0	-1.0	-0.584313725490196	0.7411764705882353	0.8980392156862744	-1.0	-1.0	-1.0	-1.0	-1.0	-1.0	-1.0	
-1.0	-1.0	-1.0	-1.0	-1.0	0.2784313725490195	0.9921568627450981	0.9921568627450981	0.09019607843137245	-1.0	-1.0	-1.0	-1.0	-1.0	-1.0	-1.0	-1.0	-1.0	-0.10588235294117643	0.9372549019607843	0.8980392156862744	-1.0	-1.0	-1.0	-1.0	-1.0	-1.0	-1.0	
-1.0	-1.0	-1.0	-1.0	-1.0	0.2784313725490195	0.9921568627450981	0.8117647058823529	-0.4117647058823529	-1.0	-1.0	-1.0	-1.0	-1.0	-1.0	-1.0	-1.0	-1.0	-0.10588235294117643	0.9294117647058824	0.8980392156862744	-1.0	-1.0	-1.0	-1.0	-1.0	-1.0	-1.0	
-1.0	-1.0	-1.0	-1.0	-1.0	0.7411764705882353	0.9921568627450981	0.9215686274509804	-0.07450980392156858	-1.0	-1.0	-1.0	-1.0	-1.0	-1.0	-1.0	-1.0	-1.0	-0.1686274509803921	0.9058823529411764	0.8980392156862744	-1.0	-1.0	-1.0	-1.0	-1.0	-1.0	-1.0	
-1.0	-1.0	-1.0	-1.0	-1.0	0.9058823529411764	0.9921568627450981	0.8431372549019607	-0.30980392156862746	-1.0	-1.0	-1.0	-1.0	-1.0	-1.0	-1.0	-1.0	-1.0	0.10588235294117654	0.9921568627450981	0.8980392156862744	-1.0	-1.0	-1.0	-1.0	-1.0	-1.0	-1.0	
-1.0	-1.0	-1.0	-1.0	-1.0	0.9058823529411764	0.9921568627450981	0.8901960784313725	-0.14509803921568631	-1.0	-1.0	-1.0	-1.0	-1.0	-1.0	-0.7019607843137254	0.4745098039215687	0.5686274509803921	0.8980392156862744	0.9921568627450981	0.8980392156862744	-1.0	-1.0	-1.0	-1.0	-1.0	-1.0	-1.0	
-1.0	-1.0	-1.0	-1.0	-1.0	0.9058823529411764	0.9921568627450981	0.9921568627450981	0.09019607843137245	-1.0	-1.0	-1.0	-1.0	-1.0	0.019607843137254832	0.7098039215686274	0.9921568627450981	0.9921568627450981	0.9921568627450981	0.9921568627450981	0.8980392156862744	-1.0	-1.0	-1.0	-1.0	-1.0	-1.0	-1.0	
-1.0	-1.0	-1.0	-1.0	-1.0	0.6470588235294117	1.0	1.0	0.8980392156862744	0.43529411764705883	0.43529411764705883	0.43529411764705883	0.43529411764705883	0.7333333333333334	1.0	1.0	0.5921568627450979	0.5058823529411764	0.8823529411764706	1.0	0.9058823529411764	-1.0	-1.0	-1.0	-1.0	-1.0	-1.0	-1.0	
-1.0	-1.0	-1.0	-1.0	-1.0	-0.7019607843137254	0.46666666666666656	0.6862745098039216	0.9921568627450981	0.9921568627450981	0.9921568627450981	0.9921568627450981	0.9921568627450981	0.8117647058823529	0.5607843137254902	0.3019607843137255	-0.8274509803921568	-1.0	0.7411764705882353	0.9921568627450981	0.8980392156862744	-1.0	-1.0	-1.0	-1.0	-1.0	-1.0	-1.0	
-1.0	-1.0	-1.0	-1.0	-1.0	-1.0	-1.0	-0.6392156862745098	-0.2941176470588235	-0.06666666666666665	0.5607843137254902	0.3019607843137255	-0.2941176470588235	-0.48235294117647054	-1.0	-1.0	-1.0	-1.0	0.7411764705882353	0.9921568627450981	0.8980392156862744	-1.0	-1.0	-1.0	-1.0	-1.0	-1.0	-1.0	
-1.0	-1.0	-1.0	-1.0	-1.0	-1.0	-1.0	-1.0	-1.0	-1.0	-1.0	-1.0	-1.0	-1.0	-1.0	-1.0	-1.0	-1.0	0.7411764705882353	0.9921568627450981	0.8980392156862744	-1.0	-1.0	-1.0	-1.0	-1.0	-1.0	-1.0	
-1.0	-1.0	-1.0	-1.0	-1.0	-1.0	-1.0	-1.0	-1.0	-1.0	-1.0	-1.0	-1.0	-1.0	-1.0	-1.0	-1.0	-0.4117647058823529	0.8196078431372549	0.9921568627450981	0.8980392156862744	-1.0	-1.0	-1.0	-1.0	-1.0	-1.0	-1.0	
-1.0	-1.0	-1.0	-1.0	-1.0	-1.0	-1.0	-1.0	-1.0	-1.0	-1.0	-1.0	-1.0	-1.0	-1.0	-1.0	-1.0	-0.0117647058823529	0.9450980392156862	0.9921568627450981	0.8980392156862744	-1.0	-1.0	-1.0	-1.0	-1.0	-1.0	-1.0	
-1.0	-1.0	-1.0	-1.0	-1.0	-1.0	-1.0	-1.0	-1.0	-1.0	-1.0	-1.0	-1.0	-1.0	-1.0	-1.0	-1.0	-1.0	0.7411764705882353	0.9921568627450981	0.8980392156862744	-1.0	-1.0	-1.0	-1.0	-1.0	-1.0	-1.0	
-1.0	-1.0	-1.0	-1.0	-1.0	-1.0	-1.0	-1.0	-1.0	-1.0	-1.0	-1.0	-1.0	-1.0	-1.0	-1.0	-1.0	-1.0	0.7411764705882353	0.9921568627450981	0.8980392156862744	-1.0	-1.0	-1.0	-1.0	-1.0	-1.0	-1.0	
-1.0	-1.0	-1.0	-1.0	-1.0	-1.0	-1.0	-1.0	-1.0	-1.0	-1.0	-1.0	-1.0	-1.0	-1.0	-1.0	-1.0	-1.0	0.7411764705882353	0.9921568627450981	0.8980392156862744	-1.0	-1.0	-1.0	-1.0	-1.0	-1.0	-1.0	
-1.0	-1.0	-1.0	-1.0	-1.0	-1.0	-1.0	-1.0	-1.0	-1.0	-1.0	-1.0	-1.0	-1.0	-1.0	-1.0	-1.0	-1.0	0.24705882352941178	0.8431372549019607	0.8980392156862744	-1.0	-1.0	-1.0	-1.0	-1.0	-1.0	-1.0	
-1.0	-1.0	-1.0	-1.0	-1.0	-1.0	-1.0	-1.0	-1.0	-1.0	-1.0	-1.0	-1.0	-1.0	-1.0	-1.0	-1.0	-1.0	-1.0	-1.0	-1.0	-1.0	-1.0	-1.0	-1.0	-1.0	-1.0	-1.0	
-1.0	-1.0	-1.0	-1.0	-1.0	-1.0	-1.0	-1.0	-1.0	-1.0	-1.0	-1.0	-1.0	-1.0	-1.0	-1.0	-1.0	-1.0	-1.0	-1.0	-1.0	-1.0	-1.0	-1.0	-1.0	-1.0	-1.0	-1.0	
-1.0	-1.0	-1.0	-1.0	-1.0	-1.0	-1.0	-1.0	-1.0	-1.0	-1.0	-1.0	-1.0	-1.0	-1.0	-1.0	-1.0	-1.0	-1.0	-1.0	-1.0	-1.0	-1.0	-1.0	-1.0	-1.0	-1.0	-1.0	
