1 0 0 0 0 0 0 0 0 0 

-1.0	-1.0	-1.0	-1.0	-1.0	-1.0	-1.0	-1.0	-1.0	-1.0	-1.0	-1.0	-1.0	-1.0	-1.0	-1.0	-1.0	-1.0	-1.0	-1.0	-1.0	-1.0	-1.0	-1.0	-1.0	-1.0	-1.0	-1.0	
-1.0	-1.0	-1.0	-1.0	-1.0	-1.0	-1.0	-1.0	-1.0	-1.0	-1.0	-1.0	-1.0	-1.0	-1.0	-1.0	-1.0	-1.0	-1.0	-1.0	-1.0	-1.0	-1.0	-1.0	-1.0	-1.0	-1.0	-1.0	
-1.0	-1.0	-1.0	-1.0	-1.0	-1.0	-1.0	-1.0	-1.0	-1.0	-1.0	-1.0	-1.0	-1.0	-1.0	-1.0	-1.0	-1.0	-1.0	-1.0	-1.0	-1.0	-1.0	-1.0	-1.0	-1.0	-1.0	-1.0	
-1.0	-1.0	-1.0	-1.0	-1.0	-1.0	-1.0	-1.0	-1.0	-1.0	-1.0	-1.0	-1.0	-1.0	-1.0	-1.0	-1.0	-1.0	-1.0	-1.0	-1.0	-1.0	-1.0	-1.0	-1.0	-1.0	-1.0	-1.0	
-1.0	-1.0	-1.0	-1.0	-1.0	-1.0	-1.0	-1.0	-1.0	-1.0	-1.0	-1.0	-1.0	-1.0	0.46666666666666656	1.0	0.0039215686274509665	-1.0	-1.0	-1.0	-1.0	-1.0	-1.0	-1.0	-1.0	-1.0	-1.0	-1.0	
-1.0	-1.0	-1.0	-1.0	-1.0	-1.0	-1.0	-1.0	-1.0	-1.0	-1.0	-1.0	-1.0	-0.1686274509803921	0.8823529411764706	0.9921568627450981	0.44313725490196076	-1.0	-1.0	-1.0	-1.0	-1.0	-1.0	-1.0	-1.0	-1.0	-1.0	-1.0	
-1.0	-1.0	-1.0	-1.0	-1.0	-1.0	-1.0	-1.0	-1.0	-1.0	-1.0	-1.0	-1.0	0.7176470588235293	0.9921568627450981	0.9921568627450981	0.8745098039215686	0.5450980392156863	0.3254901960784313	-0.7803921568627451	-1.0	-1.0	-1.0	-1.0	-1.0	-1.0	-1.0	-1.0	
-1.0	-1.0	-1.0	-1.0	-1.0	-1.0	-1.0	-1.0	-1.0	-1.0	-1.0	-1.0	-0.7019607843137254	0.7411764705882353	0.9921568627450981	0.9921568627450981	0.9921568627450981	0.9921568627450981	0.9921568627450981	0.6470588235294117	-0.24705882352941178	-1.0	-1.0	-1.0	-1.0	-1.0	-1.0	-1.0	
-1.0	-1.0	-1.0	-1.0	-1.0	-1.0	-1.0	-1.0	-1.0	-1.0	-1.0	-1.0	0.08235294117647052	0.9921568627450981	0.9921568627450981	0.9137254901960785	0.6313725490196078	0.8823529411764706	0.9764705882352942	0.9921568627450981	0.6549019607843136	-0.7803921568627451	-1.0	-1.0	-1.0	-1.0	-1.0	-1.0	
-1.0	-1.0	-1.0	-1.0	-1.0	-1.0	-1.0	-1.0	-1.0	-1.0	-1.0	-0.6392156862745098	0.7333333333333334	0.9921568627450981	0.8509803921568628	-0.33333333333333337	-1.0	-1.0	0.4274509803921569	0.9764705882352942	0.9921568627450981	0.33333333333333326	-1.0	-1.0	-1.0	-1.0	-1.0	-1.0	
-1.0	-1.0	-1.0	-1.0	-1.0	-1.0	-1.0	-1.0	-1.0	-1.0	-1.0	-0.0980392156862745	0.9921568627450981	0.9921568627450981	0.7568627450980392	-1.0	-1.0	-1.0	-1.0	0.8666666666666667	0.9921568627450981	0.8666666666666667	-0.5215686274509803	-1.0	-1.0	-1.0	-1.0	-1.0	
-1.0	-1.0	-1.0	-1.0	-1.0	-1.0	-1.0	-1.0	-1.0	-1.0	-0.607843137254902	0.5607843137254902	0.9921568627450981	0.9921568627450981	0.3568627450980393	-1.0	-1.0	-1.0	-1.0	0.7725490196078431	0.9921568627450981	0.9921568627450981	-0.4117647058823529	-1.0	-1.0	-1.0	-1.0	-1.0	
-1.0	-1.0	-1.0	-1.0	-1.0	-1.0	-1.0	-1.0	-1.0	-1.0	0.08235294117647052	0.9921568627450981	0.9921568627450981	0.7411764705882353	-0.3803921568627451	-1.0	-1.0	-1.0	-1.0	0.43529411764705883	0.9921568627450981	0.7098039215686274	-0.6705882352941177	-1.0	-1.0	-1.0	-1.0	-1.0	
-1.0	-1.0	-1.0	-1.0	-1.0	-1.0	-1.0	-1.0	-1.0	-0.607843137254902	0.7333333333333334	0.9921568627450981	0.9921568627450981	0.15294117647058814	-1.0	-1.0	-1.0	-1.0	-1.0	0.8666666666666667	0.9921568627450981	0.5686274509803921	-1.0	-1.0	-1.0	-1.0	-1.0	-1.0	
-1.0	-1.0	-1.0	-1.0	-1.0	-1.0	-1.0	-1.0	-1.0	0.08235294117647052	0.9921568627450981	0.9921568627450981	0.9450980392156862	-0.0039215686274509665	-1.0	-1.0	-1.0	-1.0	0.0980392156862746	0.968627450980392	0.9921568627450981	0.4039215686274509	-1.0	-1.0	-1.0	-1.0	-1.0	-1.0	
-1.0	-1.0	-1.0	-1.0	-1.0	-1.0	-1.0	-1.0	-0.607843137254902	0.7333333333333334	0.9921568627450981	0.9450980392156862	0.21568627450980382	-1.0	-1.0	-1.0	-1.0	-0.3254901960784313	0.7882352941176471	0.9921568627450981	0.8901960784313725	-0.4274509803921569	-1.0	-1.0	-1.0	-1.0	-1.0	-1.0	
-1.0	-1.0	-1.0	-1.0	-1.0	-1.0	-1.0	-1.0	-0.30980392156862746	0.9921568627450981	0.9921568627450981	0.8352941176470587	-1.0	-1.0	-1.0	-1.0	-1.0	0.43529411764705883	0.9921568627450981	0.9921568627450981	0.4039215686274509	-1.0	-1.0	-1.0	-1.0	-1.0	-1.0	-1.0	
-1.0	-1.0	-1.0	-1.0	-1.0	-1.0	-1.0	-1.0	0.4745098039215687	0.9921568627450981	0.9921568627450981	0.6627450980392158	-1.0	-1.0	-1.0	-1.0	-0.2941176470588235	0.8745098039215686	0.9921568627450981	0.4980392156862745	-0.7019607843137254	-1.0	-1.0	-1.0	-1.0	-1.0	-1.0	-1.0	
-1.0	-1.0	-1.0	-1.0	-1.0	-1.0	-1.0	-1.0	0.5764705882352941	0.9921568627450981	0.8745098039215686	-0.4980392156862745	-1.0	-1.0	-1.0	-0.2941176470588235	0.803921568627451	0.9921568627450981	0.7098039215686274	-0.6705882352941177	-1.0	-1.0	-1.0	-1.0	-1.0	-1.0	-1.0	-1.0	
-1.0	-1.0	-1.0	-1.0	-1.0	-1.0	-1.0	-0.4274509803921569	0.9529411764705882	0.9921568627450981	0.8588235294117648	-1.0	-1.0	-1.0	0.15294117647058814	0.803921568627451	0.9921568627450981	0.8823529411764706	-0.1215686274509804	-1.0	-1.0	-1.0	-1.0	-1.0	-1.0	-1.0	-1.0	-1.0	
-1.0	-1.0	-1.0	-1.0	-1.0	-1.0	-1.0	-0.39607843137254906	0.9921568627450981	0.9921568627450981	0.8588235294117648	-1.0	-0.3647058823529412	0.7725490196078431	0.968627450980392	0.9921568627450981	0.9921568627450981	0.050980392156862786	-1.0	-1.0	-1.0	-1.0	-1.0	-1.0	-1.0	-1.0	-1.0	-1.0	
-1.0	-1.0	-1.0	-1.0	-1.0	-1.0	-1.0	-0.5372549019607843	0.8274509803921568	0.9921568627450981	0.9843137254901961	0.9294117647058824	0.9450980392156862	0.9921568627450981	0.9921568627450981	0.8823529411764706	-0.08235294117647063	-0.7333333333333334	-1.0	-1.0	-1.0	-1.0	-1.0	-1.0	-1.0	-1.0	-1.0	-1.0	
-1.0	-1.0	-1.0	-1.0	-1.0	-1.0	-1.0	-1.0	0.2705882352941176	0.9921568627450981	0.9921568627450981	0.9921568627450981	0.9921568627450981	0.9921568627450981	0.7725490196078431	-0.584313725490196	-1.0	-1.0	-1.0	-1.0	-1.0	-1.0	-1.0	-1.0	-1.0	-1.0	-1.0	-1.0	
-1.0	-1.0	-1.0	-1.0	-1.0	-1.0	-1.0	-1.0	-0.4980392156862745	0.5529411764705883	0.9921568627450981	0.9215686274509804	0.48235294117647065	0.33333333333333326	-0.7333333333333334	-1.0	-1.0	-1.0	-1.0	-1.0	-1.0	-1.0	-1.0	-1.0	-1.0	-1.0	-1.0	-1.0	
-1.0	-1.0	-1.0	-1.0	-1.0	-1.0	-1.0	-1.0	-1.0	-1.0	-1.0	-1.0	-1.0	-1.0	-1.0	-1.0	-1.0	-1.0	-1.0	-1.0	-1.0	-1.0	-1.0	-1.0	-1.0	-1.0	-1.0	-1.0	
-1.0	-1.0	-1.0	-1.0	-1.0	-1.0	-1.0	-1.0	-1.0	-1.0	-1.0	-1.0	-1.0	-1.0	-1.0	-1.0	-1.0	-1.0	-1.0	-1.0	-1.0	-1.0	-1.0	-1.0	-1.0	-1.0	-1.0	-1.0	
-1.0	-1.0	-1.0	-1.0	-1.0	-1.0	-1.0	-1.0	-1.0	-1.0	-1.0	-1.0	-1.0	-1.0	-1.0	-1.0	-1.0	-1.0	-1.0	-1.0	-1.0	-1.0	-1.0	-1.0	-1.0	-1.0	-1.0	-1.0	
-1.0	-1.0	-1.0	-1.0	-1.0	-1.0	-1.0	-1.0	-1.0	-1.0	-1.0	-1.0	-1.0	-1.0	-1.0	-1.0	-1.0	-1.0	-1.0	-1.0	-1.0	-1.0	-1.0	-1.0	-1.0	-1.0	-1.0	-1.0	
