0 0 1 0 0 0 0 0 0 0 

-1.0	-1.0	-1.0	-1.0	-1.0	-1.0	-1.0	-1.0	-1.0	-1.0	-1.0	-1.0	-1.0	-1.0	-1.0	-1.0	-1.0	-1.0	-1.0	-1.0	-1.0	-1.0	-1.0	-1.0	-1.0	-1.0	-1.0	-1.0	
-1.0	-1.0	-1.0	-1.0	-1.0	-1.0	-1.0	-1.0	-1.0	-1.0	-1.0	-1.0	-1.0	-1.0	-1.0	-1.0	-1.0	-1.0	-1.0	-1.0	-1.0	-1.0	-1.0	-1.0	-1.0	-1.0	-1.0	-1.0	
-1.0	-1.0	-1.0	-1.0	-1.0	-1.0	-1.0	-1.0	-1.0	-1.0	-1.0	-1.0	-1.0	-1.0	-1.0	-1.0	-1.0	-1.0	-1.0	-1.0	-1.0	-1.0	-1.0	-1.0	-1.0	-1.0	-1.0	-1.0	
-1.0	-1.0	-1.0	-1.0	-1.0	-1.0	-1.0	-1.0	-1.0	-1.0	-1.0	-1.0	-1.0	-0.8274509803921568	-0.1686274509803921	0.4901960784313726	0.4901960784313726	0.4901960784313726	0.4901960784313726	0.22352941176470598	-0.8980392156862745	-1.0	-1.0	-1.0	-1.0	-1.0	-1.0	-1.0	
-1.0	-1.0	-1.0	-1.0	-1.0	-1.0	-1.0	-1.0	-1.0	-1.0	-1.0	-1.0	-1.0	0.06666666666666665	1.0	1.0	1.0	1.0	1.0	1.0	0.33333333333333326	-0.8274509803921568	-1.0	-1.0	-1.0	-1.0	-1.0	-1.0	
-1.0	-1.0	-1.0	-1.0	-1.0	-1.0	-1.0	-1.0	-1.0	-1.0	-1.0	-1.0	0.30980392156862746	0.8823529411764706	1.0	1.0	1.0	1.0	1.0	1.0	1.0	-0.3254901960784313	-1.0	-1.0	-1.0	-1.0	-1.0	-1.0	
-1.0	-1.0	-1.0	-1.0	-1.0	-1.0	-1.0	-1.0	-1.0	-1.0	-0.7333333333333334	0.3647058823529412	0.8745098039215686	1.0	1.0	0.9764705882352942	0.7725490196078431	0.5921568627450979	1.0	1.0	0.780392156862745	-0.5607843137254902	-1.0	-1.0	-1.0	-1.0	-1.0	-1.0	
-1.0	-1.0	-1.0	-1.0	-1.0	-1.0	-1.0	-1.0	-1.0	-0.7333333333333334	0.45882352941176463	1.0	1.0	1.0	0.803921568627451	0.13725490196078427	-1.0	0.3019607843137255	1.0	1.0	0.5372549019607844	-1.0	-1.0	-1.0	-1.0	-1.0	-1.0	-1.0	
-1.0	-1.0	-1.0	-1.0	-1.0	-1.0	-1.0	-1.0	-1.0	0.3803921568627451	1.0	1.0	1.0	0.7960784313725491	-0.30980392156862746	-1.0	-0.5372549019607843	0.8509803921568628	1.0	1.0	-0.24705882352941178	-1.0	-1.0	-1.0	-1.0	-1.0	-1.0	-1.0	
-1.0	-1.0	-1.0	-1.0	-1.0	-1.0	-1.0	-1.0	-1.0	0.10588235294117654	0.8666666666666667	0.8901960784313725	0.45882352941176463	-0.30980392156862746	-1.0	-1.0	0.2941176470588236	1.0	1.0	0.7725490196078431	-0.5372549019607843	-1.0	-1.0	-1.0	-1.0	-1.0	-1.0	-1.0	
-1.0	-1.0	-1.0	-1.0	-1.0	-1.0	-1.0	-1.0	-1.0	-1.0	-0.5215686274509803	-0.2784313725490196	-1.0	-1.0	-1.0	0.13725490196078427	0.9372549019607843	1.0	0.9372549019607843	0.48235294117647065	-1.0	-1.0	-1.0	-1.0	-1.0	-1.0	-1.0	-1.0	
-1.0	-1.0	-1.0	-1.0	-1.0	-1.0	-1.0	-1.0	-1.0	-1.0	-1.0	-1.0	-1.0	-0.4980392156862745	0.23921568627450984	0.9372549019607843	1.0	1.0	0.1843137254901961	-1.0	-1.0	-1.0	-1.0	-1.0	-1.0	-1.0	-1.0	-1.0	
-1.0	-1.0	-1.0	-1.0	-1.0	-1.0	-1.0	-1.0	-1.0	-1.0	-1.0	-1.0	-0.10588235294117643	0.6549019607843136	1.0	1.0	1.0	0.6470588235294117	-0.5215686274509803	-1.0	-1.0	-1.0	-1.0	-1.0	-1.0	-1.0	-1.0	-1.0	
-1.0	-1.0	-1.0	-1.0	-1.0	-1.0	-1.0	-1.0	-1.0	-1.0	-0.5372549019607843	0.2549019607843137	0.9294117647058824	1.0	1.0	1.0	0.6470588235294117	-0.5215686274509803	-1.0	-1.0	-1.0	-1.0	-1.0	-1.0	-1.0	-1.0	-1.0	-1.0	
-1.0	-1.0	-1.0	-1.0	-1.0	-1.0	-1.0	-1.0	-1.0	-1.0	0.15294117647058814	1.0	1.0	1.0	0.9294117647058824	0.22352941176470598	-0.5215686274509803	-1.0	-1.0	-1.0	-1.0	-1.0	-1.0	-1.0	-1.0	-1.0	-1.0	-1.0	
-1.0	-1.0	-1.0	-1.0	-1.0	-1.0	-1.0	-1.0	-1.0	0.08235294117647052	0.9372549019607843	1.0	1.0	0.9294117647058824	0.1215686274509804	-1.0	-1.0	-1.0	-1.0	-1.0	-1.0	-1.0	-1.0	-1.0	-1.0	-1.0	-1.0	-1.0	
-1.0	-1.0	-1.0	-1.0	-1.0	-1.0	-1.0	-0.6392156862745098	0.3176470588235294	0.9372549019607843	1.0	1.0	1.0	0.7882352941176471	-1.0	-1.0	-1.0	-1.0	-1.0	-1.0	-1.0	-1.0	-1.0	-1.0	-1.0	-1.0	-1.0	-1.0	
-1.0	-1.0	-1.0	-1.0	-1.0	-1.0	-0.7019607843137254	0.6627450980392158	1.0	1.0	1.0	1.0	1.0	0.7882352941176471	-1.0	-1.0	-1.0	-1.0	-1.0	-1.0	-1.0	-1.0	-1.0	-1.0	-1.0	-1.0	-1.0	-1.0	
-1.0	-1.0	-1.0	-1.0	-1.0	-0.7803921568627451	0.6705882352941177	1.0	1.0	1.0	1.0	1.0	1.0	0.9764705882352942	0.4980392156862745	-0.3254901960784313	-1.0	-1.0	-1.0	-1.0	-1.0	-1.0	-1.0	0.6000000000000001	0.8901960784313725	-1.0	-1.0	-1.0	
-1.0	-1.0	-1.0	-1.0	-1.0	0.6784313725490196	1.0	1.0	1.0	1.0	0.7411764705882353	0.8666666666666667	1.0	1.0	1.0	0.9294117647058824	0.9137254901960785	0.7568627450980392	0.5764705882352941	0.9137254901960785	0.9137254901960785	0.9137254901960785	0.9137254901960785	0.9921568627450981	0.5372549019607844	-1.0	-1.0	-1.0	
-1.0	-1.0	-1.0	-1.0	-1.0	1.0	1.0	1.0	0.9607843137254901	0.09019607843137245	-0.6392156862745098	0.39607843137254894	1.0	1.0	1.0	1.0	1.0	1.0	1.0	1.0	1.0	1.0	1.0	0.803921568627451	-0.5215686274509803	-1.0	-1.0	-1.0	
-1.0	-1.0	-1.0	-1.0	-1.0	1.0	1.0	0.7098039215686274	-0.5372549019607843	-1.0	-1.0	-0.8274509803921568	0.3019607843137255	0.6392156862745098	1.0	1.0	1.0	1.0	1.0	1.0	1.0	0.5686274509803921	0.19999999999999996	-0.6705882352941177	-1.0	-1.0	-1.0	-1.0	
-1.0	-1.0	-1.0	-1.0	-1.0	0.4901960784313726	0.4509803921568627	-0.7803921568627451	-1.0	-1.0	-1.0	-1.0	-1.0	-0.8274509803921568	-0.7019607843137254	-0.7019607843137254	-0.7019607843137254	-0.08235294117647063	0.48235294117647065	0.21568627450980382	-0.7019607843137254	-0.8980392156862745	-1.0	-1.0	-1.0	-1.0	-1.0	-1.0	
-1.0	-1.0	-1.0	-1.0	-1.0	-1.0	-1.0	-1.0	-1.0	-1.0	-1.0	-1.0	-1.0	-1.0	-1.0	-1.0	-1.0	-1.0	-1.0	-1.0	-1.0	-1.0	-1.0	-1.0	-1.0	-1.0	-1.0	-1.0	
-1.0	-1.0	-1.0	-1.0	-1.0	-1.0	-1.0	-1.0	-1.0	-1.0	-1.0	-1.0	-1.0	-1.0	-1.0	-1.0	-1.0	-1.0	-1.0	-1.0	-1.0	-1.0	-1.0	-1.0	-1.0	-1.0	-1.0	-1.0	
-1.0	-1.0	-1.0	-1.0	-1.0	-1.0	-1.0	-1.0	-1.0	-1.0	-1.0	-1.0	-1.0	-1.0	-1.0	-1.0	-1.0	-1.0	-1.0	-1.0	-1.0	-1.0	-1.0	-1.0	-1.0	-1.0	-1.0	-1.0	
-1.0	-1.0	-1.0	-1.0	-1.0	-1.0	-1.0	-1.0	-1.0	-1.0	-1.0	-1.0	-1.0	-1.0	-1.0	-1.0	-1.0	-1.0	-1.0	-1.0	-1.0	-1.0	-1.0	-1.0	-1.0	-1.0	-1.0	-1.0	
-1.0	-1.0	-1.0	-1.0	-1.0	-1.0	-1.0	-1.0	-1.0	-1.0	-1.0	-1.0	-1.0	-1.0	-1.0	-1.0	-1.0	-1.0	-1.0	-1.0	-1.0	-1.0	-1.0	-1.0	-1.0	-1.0	-1.0	-1.0	
