1 0 0 0 0 0 0 0 0 0 

-1.0	-1.0	-1.0	-1.0	-1.0	-1.0	-1.0	-1.0	-1.0	-1.0	-1.0	-1.0	-1.0	-1.0	-1.0	-1.0	-1.0	-1.0	-1.0	-1.0	-1.0	-1.0	-1.0	-1.0	-1.0	-1.0	-1.0	-1.0	
-1.0	-1.0	-1.0	-1.0	-1.0	-1.0	-1.0	-1.0	-1.0	-1.0	-1.0	-1.0	-1.0	-1.0	-1.0	-1.0	-1.0	-1.0	-1.0	-1.0	-1.0	-1.0	-1.0	-1.0	-1.0	-1.0	-1.0	-1.0	
-1.0	-1.0	-1.0	-1.0	-1.0	-1.0	-1.0	-1.0	-1.0	-1.0	-1.0	-1.0	-1.0	-1.0	-1.0	-1.0	-1.0	-1.0	-1.0	-1.0	-1.0	-1.0	-1.0	-1.0	-1.0	-1.0	-1.0	-1.0	
-1.0	-1.0	-1.0	-1.0	-1.0	-1.0	-1.0	-1.0	-1.0	-1.0	-1.0	-1.0	-1.0	-1.0	-1.0	-1.0	-1.0	-1.0	-1.0	-1.0	-1.0	-1.0	-1.0	-1.0	-1.0	-1.0	-1.0	-1.0	
-1.0	-1.0	-1.0	-1.0	-1.0	-1.0	-1.0	-1.0	-1.0	-1.0	-1.0	-1.0	-1.0	-1.0	-1.0	-1.0	-1.0	-1.0	-1.0	-1.0	-1.0	-1.0	-1.0	-1.0	-1.0	-1.0	-1.0	-1.0	
-1.0	-1.0	-1.0	-1.0	-1.0	-1.0	-1.0	-1.0	-1.0	-1.0	-1.0	-1.0	-1.0	-1.0	-1.0	-1.0	-0.6392156862745098	0.41960784313725497	0.7568627450980392	1.0	0.9921568627450981	0.11372549019607847	-1.0	-1.0	-1.0	-1.0	-1.0	-1.0	
-1.0	-1.0	-1.0	-1.0	-1.0	-1.0	-1.0	-1.0	-1.0	-1.0	-1.0	-1.0	-1.0	-1.0	-1.0	-0.027450980392156876	0.7411764705882353	0.9921568627450981	0.9921568627450981	0.9921568627450981	0.9921568627450981	0.2549019607843137	-1.0	-1.0	-1.0	-1.0	-1.0	-1.0	
-1.0	-1.0	-1.0	-1.0	-1.0	-1.0	-1.0	-1.0	-1.0	-1.0	-1.0	-1.0	-1.0	-1.0	0.19999999999999996	0.9058823529411764	0.9921568627450981	0.9921568627450981	0.9921568627450981	0.9921568627450981	0.9921568627450981	0.803921568627451	-0.4980392156862745	-1.0	-1.0	-1.0	-1.0	-1.0	
-1.0	-1.0	-1.0	-1.0	-1.0	-1.0	-1.0	-1.0	-1.0	-1.0	-1.0	-1.0	-1.0	0.5137254901960784	0.9921568627450981	0.9921568627450981	0.9921568627450981	0.9921568627450981	0.8352941176470587	0.8431372549019607	0.9921568627450981	0.9921568627450981	-0.08235294117647063	-1.0	-1.0	-1.0	-1.0	-1.0	
-1.0	-1.0	-1.0	-1.0	-1.0	-1.0	-1.0	-1.0	-1.0	-1.0	-1.0	-1.0	0.22352941176470598	0.9843137254901961	0.9921568627450981	0.9921568627450981	0.9921568627450981	0.41176470588235303	-0.5215686274509803	0.5215686274509803	0.9921568627450981	0.9921568627450981	-0.08235294117647063	-1.0	-1.0	-1.0	-1.0	-1.0	
-1.0	-1.0	-1.0	-1.0	-1.0	-1.0	-1.0	-1.0	-1.0	-1.0	-1.0	0.4901960784313726	0.9921568627450981	0.9921568627450981	0.9529411764705882	0.5058823529411764	-1.0	-1.0	-1.0	-0.3254901960784313	0.9921568627450981	0.9921568627450981	-0.07450980392156858	-1.0	-1.0	-1.0	-1.0	-1.0	
-1.0	-1.0	-1.0	-1.0	-1.0	-1.0	-1.0	-1.0	-1.0	-1.0	0.3411764705882352	0.9058823529411764	0.9921568627450981	0.9921568627450981	0.28627450980392166	-1.0	-1.0	-1.0	-1.0	-0.3254901960784313	0.9921568627450981	0.9921568627450981	-0.08235294117647063	-1.0	-1.0	-1.0	-1.0	-1.0	
-1.0	-1.0	-1.0	-1.0	-1.0	-1.0	-1.0	-1.0	-1.0	-0.050980392156862786	0.9058823529411764	0.9921568627450981	0.9921568627450981	0.22352941176470598	-1.0	-1.0	-1.0	-1.0	-1.0	-0.3254901960784313	0.9921568627450981	0.9215686274509804	-0.207843137254902	-1.0	-1.0	-1.0	-1.0	-1.0	
-1.0	-1.0	-1.0	-1.0	-1.0	-1.0	-1.0	-1.0	-0.10588235294117643	0.9215686274509804	0.9921568627450981	0.8980392156862744	0.09019607843137245	-0.7333333333333334	-1.0	-1.0	-1.0	-1.0	-1.0	-0.3254901960784313	0.9921568627450981	0.9450980392156862	-0.1686274509803921	-1.0	-1.0	-1.0	-1.0	-1.0	
-1.0	-1.0	-1.0	-1.0	-1.0	-1.0	-1.0	-1.0	0.8745098039215686	0.9921568627450981	0.9921568627450981	0.7254901960784315	-1.0	-1.0	-1.0	-1.0	-1.0	-1.0	-1.0	0.1607843137254903	0.9921568627450981	0.8745098039215686	-0.30980392156862746	-1.0	-1.0	-1.0	-1.0	-1.0	
-1.0	-1.0	-1.0	-1.0	-1.0	-1.0	-1.0	0.3411764705882352	0.9921568627450981	1.0	0.8666666666666667	-0.22352941176470587	-1.0	-1.0	-1.0	-1.0	-1.0	-1.0	-0.5372549019607843	0.803921568627451	0.9921568627450981	0.44313725490196076	-1.0	-1.0	-1.0	-1.0	-1.0	-1.0	
-1.0	-1.0	-1.0	-1.0	-1.0	-1.0	-1.0	0.8274509803921568	0.9921568627450981	0.9764705882352942	0.1607843137254903	-1.0	-1.0	-1.0	-1.0	-1.0	-1.0	-1.0	0.41176470588235303	0.9921568627450981	0.9921568627450981	0.11372549019607847	-1.0	-1.0	-1.0	-1.0	-1.0	-1.0	
-1.0	-1.0	-1.0	-1.0	-1.0	-1.0	0.21568627450980382	0.9450980392156862	0.9921568627450981	0.6627450980392158	-1.0	-1.0	-1.0	-1.0	-1.0	-1.0	-1.0	-0.2941176470588235	0.5921568627450979	0.9921568627450981	0.7411764705882353	-0.39607843137254906	-1.0	-1.0	-1.0	-1.0	-1.0	-1.0	
-1.0	-1.0	-1.0	-1.0	-1.0	-1.0	0.7333333333333334	0.9921568627450981	0.8352941176470587	-1.0	-1.0	-1.0	-1.0	-1.0	-1.0	-1.0	-1.0	0.7411764705882353	0.9921568627450981	0.9294117647058824	-0.4274509803921569	-1.0	-1.0	-1.0	-1.0	-1.0	-1.0	-1.0	
-1.0	-1.0	-1.0	-1.0	-1.0	-0.10588235294117643	0.968627450980392	0.9921568627450981	-0.22352941176470587	-1.0	-1.0	-1.0	-1.0	-1.0	-1.0	-1.0	0.41176470588235303	0.9764705882352942	0.9921568627450981	0.46666666666666656	-1.0	-1.0	-1.0	-1.0	-1.0	-1.0	-1.0	-1.0	
-1.0	-1.0	-1.0	-1.0	-1.0	-0.06666666666666665	0.9921568627450981	0.6313725490196078	-1.0	-1.0	-1.0	-1.0	-1.0	-1.0	0.1607843137254903	0.8431372549019607	0.9921568627450981	0.968627450980392	0.46666666666666656	-1.0	-1.0	-1.0	-1.0	-1.0	-1.0	-1.0	-1.0	-1.0	
-1.0	-1.0	-1.0	-1.0	-1.0	-0.06666666666666665	0.9921568627450981	0.6313725490196078	-1.0	-1.0	-1.0	-0.4980392156862745	-0.06666666666666665	0.584313725490196	0.8431372549019607	0.9921568627450981	0.9450980392156862	0.1843137254901961	-1.0	-1.0	-1.0	-1.0	-1.0	-1.0	-1.0	-1.0	-1.0	-1.0	
-1.0	-1.0	-1.0	-1.0	-1.0	-0.4980392156862745	0.803921568627451	0.8980392156862744	0.19215686274509802	0.19999999999999996	0.7333333333333334	0.8117647058823529	0.9921568627450981	0.9921568627450981	0.8196078431372549	0.11372549019607847	-0.04313725490196074	-1.0	-1.0	-1.0	-1.0	-1.0	-1.0	-1.0	-1.0	-1.0	-1.0	-1.0	
-1.0	-1.0	-1.0	-1.0	-1.0	-1.0	0.7333333333333334	0.9921568627450981	0.9921568627450981	0.9921568627450981	0.9921568627450981	0.9921568627450981	0.9921568627450981	0.41176470588235303	-0.3647058823529412	-1.0	-1.0	-1.0	-1.0	-1.0	-1.0	-1.0	-1.0	-1.0	-1.0	-1.0	-1.0	-1.0	
-1.0	-1.0	-1.0	-1.0	-1.0	-1.0	0.3254901960784313	0.9215686274509804	0.9921568627450981	0.9921568627450981	0.7098039215686274	0.5215686274509803	0.2941176470588236	-0.8274509803921568	-1.0	-1.0	-1.0	-1.0	-1.0	-1.0	-1.0	-1.0	-1.0	-1.0	-1.0	-1.0	-1.0	-1.0	
-1.0	-1.0	-1.0	-1.0	-1.0	-1.0	-1.0	-1.0	-1.0	-1.0	-1.0	-1.0	-1.0	-1.0	-1.0	-1.0	-1.0	-1.0	-1.0	-1.0	-1.0	-1.0	-1.0	-1.0	-1.0	-1.0	-1.0	-1.0	
-1.0	-1.0	-1.0	-1.0	-1.0	-1.0	-1.0	-1.0	-1.0	-1.0	-1.0	-1.0	-1.0	-1.0	-1.0	-1.0	-1.0	-1.0	-1.0	-1.0	-1.0	-1.0	-1.0	-1.0	-1.0	-1.0	-1.0	-1.0	
-1.0	-1.0	-1.0	-1.0	-1.0	-1.0	-1.0	-1.0	-1.0	-1.0	-1.0	-1.0	-1.0	-1.0	-1.0	-1.0	-1.0	-1.0	-1.0	-1.0	-1.0	-1.0	-1.0	-1.0	-1.0	-1.0	-1.0	-1.0	
