0 0 0 0 0 0 0 1 0 0 

-1.0	-1.0	-1.0	-1.0	-1.0	-1.0	-1.0	-1.0	-1.0	-1.0	-1.0	-1.0	-1.0	-1.0	-1.0	-1.0	-1.0	-1.0	-1.0	-1.0	-1.0	-1.0	-1.0	-1.0	-1.0	-1.0	-1.0	-1.0	
-1.0	-1.0	-1.0	-1.0	-1.0	-1.0	-1.0	-1.0	-1.0	-1.0	-1.0	-1.0	-1.0	-1.0	-1.0	-1.0	-1.0	-1.0	-1.0	-1.0	-1.0	-1.0	-1.0	-1.0	-1.0	-1.0	-1.0	-1.0	
-1.0	-1.0	-1.0	-1.0	-1.0	-1.0	-1.0	-1.0	-1.0	-1.0	-1.0	-1.0	-1.0	-1.0	-1.0	-1.0	-1.0	-1.0	-1.0	-1.0	-1.0	-1.0	-1.0	-1.0	-1.0	-1.0	-1.0	-1.0	
-1.0	-1.0	-1.0	-1.0	-1.0	-1.0	-1.0	-1.0	-1.0	-1.0	-1.0	-1.0	-1.0	-1.0	-1.0	-1.0	-1.0	-1.0	-1.0	-1.0	-1.0	-1.0	-1.0	-1.0	-1.0	-1.0	-1.0	-1.0	
-1.0	-1.0	-1.0	-1.0	-1.0	-1.0	-1.0	-1.0	-1.0	-1.0	-1.0	-1.0	-1.0	-1.0	-1.0	-1.0	-1.0	-1.0	-1.0	-1.0	-1.0	-1.0	-1.0	-1.0	-1.0	-1.0	-1.0	-1.0	
-1.0	-1.0	-1.0	-1.0	-1.0	-1.0	-1.0	-1.0	-1.0	-1.0	-1.0	-1.0	-1.0	-1.0	-1.0	-1.0	-1.0	-1.0	-1.0	-1.0	-1.0	-1.0	-1.0	-1.0	-1.0	-1.0	-1.0	-1.0	
-1.0	-1.0	-1.0	-1.0	-1.0	-0.17647058823529416	0.8823529411764706	0.9372549019607843	0.41960784313725497	0.41960784313725497	0.41960784313725497	0.41960784313725497	0.41960784313725497	-0.22352941176470587	-1.0	-1.0	-1.0	-1.0	-1.0	-1.0	-1.0	-1.0	-1.0	-1.0	-1.0	-1.0	-1.0	-1.0	
-1.0	-1.0	-1.0	-1.0	-1.0	0.8117647058823529	1.0	1.0	1.0	1.0	1.0	1.0	1.0	0.9450980392156862	0.9294117647058824	0.9294117647058824	0.9294117647058824	0.9294117647058824	0.7568627450980392	-0.3647058823529412	-1.0	-1.0	-1.0	-1.0	-1.0	-1.0	-1.0	-1.0	
-1.0	-1.0	-1.0	-1.0	-1.0	0.8509803921568628	1.0	1.0	1.0	1.0	1.0	1.0	1.0	1.0	1.0	1.0	1.0	1.0	1.0	0.7490196078431373	-0.33333333333333337	-1.0	-1.0	-1.0	-1.0	-1.0	-1.0	-1.0	
-1.0	-1.0	-1.0	-1.0	-1.0	0.2784313725490195	0.7960784313725491	0.9372549019607843	1.0	1.0	1.0	1.0	1.0	1.0	1.0	1.0	1.0	1.0	1.0	1.0	0.1607843137254903	-1.0	-1.0	-1.0	-1.0	-1.0	-1.0	-1.0	
-1.0	-1.0	-1.0	-1.0	-1.0	-1.0	-1.0	0.0117647058823529	0.2078431372549019	0.2078431372549019	0.8666666666666667	0.8745098039215686	0.8745098039215686	0.8745098039215686	0.8745098039215686	0.9450980392156862	1.0	1.0	1.0	1.0	0.1607843137254903	-1.0	-1.0	-1.0	-1.0	-1.0	-1.0	-1.0	
-1.0	-1.0	-1.0	-1.0	-1.0	-1.0	-1.0	-1.0	-1.0	-1.0	-1.0	-1.0	-1.0	-1.0	-1.0	0.5607843137254902	1.0	1.0	1.0	0.9843137254901961	0.12941176470588234	-1.0	-1.0	-1.0	-1.0	-1.0	-1.0	-1.0	
-1.0	-1.0	-1.0	-1.0	-1.0	-1.0	-1.0	-1.0	-1.0	-1.0	-1.0	-1.0	-1.0	-1.0	0.2313725490196079	0.803921568627451	1.0	1.0	1.0	0.44313725490196076	-1.0	-1.0	-1.0	-1.0	-1.0	-1.0	-1.0	-1.0	
-1.0	-1.0	-1.0	-1.0	-1.0	-1.0	-1.0	-1.0	-1.0	-1.0	-1.0	-1.0	-1.0	-0.34901960784313724	0.8117647058823529	1.0	1.0	1.0	0.6862745098039216	-0.8274509803921568	-1.0	-1.0	-1.0	-1.0	-1.0	-1.0	-1.0	-1.0	
-1.0	-1.0	-1.0	-1.0	-1.0	-1.0	-1.0	-1.0	-1.0	-1.0	-1.0	-1.0	-1.0	-0.22352941176470587	0.8823529411764706	1.0	1.0	1.0	0.6784313725490196	-1.0	-1.0	-1.0	-1.0	-1.0	-1.0	-1.0	-1.0	-1.0	
-1.0	-1.0	-1.0	-1.0	-1.0	-1.0	-1.0	-1.0	-1.0	-1.0	-1.0	-1.0	-1.0	-0.13725490196078427	0.9372549019607843	1.0	1.0	1.0	0.6784313725490196	-1.0	-1.0	-1.0	-1.0	-1.0	-1.0	-1.0	-1.0	-1.0	
-1.0	-1.0	-1.0	-1.0	-1.0	-1.0	-1.0	-1.0	-1.0	-1.0	-1.0	-1.0	-1.0	-0.33333333333333337	0.8196078431372549	1.0	1.0	1.0	0.6784313725490196	-1.0	-1.0	-1.0	-1.0	-1.0	-1.0	-1.0	-1.0	-1.0	
-1.0	-1.0	-1.0	-1.0	-1.0	-1.0	-1.0	-1.0	-1.0	-1.0	-1.0	-1.0	-1.0	-0.050980392156862786	1.0	1.0	1.0	1.0	0.607843137254902	-1.0	-1.0	-1.0	-1.0	-1.0	-1.0	-1.0	-1.0	-1.0	
-1.0	-1.0	-1.0	-1.0	-1.0	-1.0	-1.0	-1.0	-1.0	-1.0	-1.0	-1.0	-1.0	-0.050980392156862786	1.0	1.0	1.0	1.0	-0.19999999999999996	-1.0	-1.0	-1.0	-1.0	-1.0	-1.0	-1.0	-1.0	-1.0	
-1.0	-1.0	-1.0	-1.0	-1.0	-1.0	-1.0	-1.0	-1.0	-1.0	-1.0	-1.0	-1.0	-0.050980392156862786	1.0	1.0	1.0	1.0	-0.19999999999999996	-1.0	-1.0	-1.0	-1.0	-1.0	-1.0	-1.0	-1.0	-1.0	
-1.0	-1.0	-1.0	-1.0	-1.0	-1.0	-1.0	-1.0	-1.0	-1.0	-1.0	-1.0	-1.0	-0.050980392156862786	1.0	1.0	1.0	1.0	-0.19999999999999996	-1.0	-1.0	-1.0	-1.0	-1.0	-1.0	-1.0	-1.0	-1.0	
-1.0	-1.0	-1.0	-1.0	-1.0	-1.0	-1.0	-1.0	-1.0	-1.0	-1.0	-1.0	-0.15294117647058825	0.8196078431372549	1.0	1.0	1.0	0.6470588235294117	-0.7019607843137254	-1.0	-1.0	-1.0	-1.0	-1.0	-1.0	-1.0	-1.0	-1.0	
-1.0	-1.0	-1.0	-1.0	-1.0	-1.0	-1.0	-1.0	-1.0	-1.0	-1.0	-1.0	-1.0	0.7411764705882353	1.0	1.0	1.0	0.9215686274509804	-0.2784313725490196	-1.0	-1.0	-1.0	-1.0	-1.0	-1.0	-1.0	-1.0	-1.0	
-1.0	-1.0	-1.0	-1.0	-1.0	-1.0	-1.0	-1.0	-1.0	-1.0	-1.0	-1.0	-1.0	0.7411764705882353	1.0	1.0	1.0	1.0	0.4901960784313726	-1.0	-1.0	-1.0	-1.0	-1.0	-1.0	-1.0	-1.0	-1.0	
-1.0	-1.0	-1.0	-1.0	-1.0	-1.0	-1.0	-1.0	-1.0	-1.0	-1.0	-1.0	-1.0	0.7411764705882353	1.0	1.0	1.0	1.0	0.6784313725490196	-1.0	-1.0	-1.0	-1.0	-1.0	-1.0	-1.0	-1.0	-1.0	
-1.0	-1.0	-1.0	-1.0	-1.0	-1.0	-1.0	-1.0	-1.0	-1.0	-1.0	-1.0	-1.0	0.388235294117647	1.0	1.0	1.0	0.7882352941176471	0.1843137254901961	-1.0	-1.0	-1.0	-1.0	-1.0	-1.0	-1.0	-1.0	-1.0	
-1.0	-1.0	-1.0	-1.0	-1.0	-1.0	-1.0	-1.0	-1.0	-1.0	-1.0	-1.0	-1.0	-1.0	-1.0	-1.0	-1.0	-1.0	-1.0	-1.0	-1.0	-1.0	-1.0	-1.0	-1.0	-1.0	-1.0	-1.0	
-1.0	-1.0	-1.0	-1.0	-1.0	-1.0	-1.0	-1.0	-1.0	-1.0	-1.0	-1.0	-1.0	-1.0	-1.0	-1.0	-1.0	-1.0	-1.0	-1.0	-1.0	-1.0	-1.0	-1.0	-1.0	-1.0	-1.0	-1.0	
