0 0 0 0 1 0 0 0 0 0 

-1.0	-1.0	-1.0	-1.0	-1.0	-1.0	-1.0	-1.0	-1.0	-1.0	-1.0	-1.0	-1.0	-1.0	-1.0	-1.0	-1.0	-1.0	-1.0	-1.0	-1.0	-1.0	-1.0	-1.0	-1.0	-1.0	-1.0	-1.0	
-1.0	-1.0	-1.0	-1.0	-1.0	-1.0	-1.0	-1.0	-1.0	-1.0	-1.0	-1.0	-1.0	-1.0	-1.0	-1.0	-1.0	-1.0	-1.0	-1.0	-1.0	-1.0	-1.0	-1.0	-1.0	-1.0	-1.0	-1.0	
-1.0	-1.0	-1.0	-1.0	-1.0	-1.0	-1.0	-1.0	-1.0	-1.0	-1.0	-1.0	-1.0	-1.0	-1.0	-1.0	-1.0	-1.0	-1.0	-1.0	-1.0	-1.0	-1.0	-1.0	-1.0	-1.0	-1.0	-1.0	
-1.0	-1.0	-1.0	-1.0	-1.0	-1.0	-1.0	-1.0	-1.0	-1.0	-1.0	-1.0	-1.0	-1.0	-1.0	-1.0	-1.0	-1.0	-1.0	-1.0	-1.0	-1.0	-1.0	-1.0	-1.0	-1.0	-1.0	-1.0	
-1.0	-1.0	-1.0	-1.0	-1.0	-1.0	-1.0	-1.0	-1.0	-1.0	-1.0	-1.0	-1.0	-1.0	-1.0	-1.0	-1.0	-1.0	-1.0	-1.0	-1.0	-1.0	-1.0	-1.0	-1.0	-1.0	-1.0	-1.0	
-1.0	-1.0	-1.0	-1.0	-1.0	-1.0	-1.0	-1.0	-1.0	0.5921568627450979	1.0	1.0	0.7019607843137254	-1.0	-1.0	-1.0	-1.0	-1.0	-1.0	-1.0	-1.0	-1.0	-1.0	-1.0	-1.0	-1.0	-1.0	-1.0	
-1.0	-1.0	-1.0	-1.0	-1.0	-1.0	-1.0	-1.0	-1.0	0.4509803921568627	0.9921568627450981	0.9921568627450981	0.6941176470588235	-1.0	-1.0	-1.0	-1.0	-1.0	-1.0	-1.0	-1.0	-1.0	-1.0	-1.0	-1.0	-1.0	-1.0	-1.0	
-1.0	-1.0	-1.0	-1.0	-1.0	-1.0	-1.0	-1.0	-1.0	0.24705882352941178	0.9921568627450981	0.9921568627450981	0.6941176470588235	-1.0	-1.0	-1.0	0.46666666666666656	0.8352941176470587	0.7411764705882353	0.08235294117647052	-1.0	-1.0	-1.0	-1.0	-1.0	-1.0	-1.0	-1.0	
-1.0	-1.0	-1.0	-1.0	-1.0	-1.0	-1.0	-1.0	-1.0	0.24705882352941178	0.9921568627450981	0.9921568627450981	0.7254901960784315	-0.7803921568627451	-1.0	0.07450980392156858	0.9921568627450981	0.9921568627450981	0.9921568627450981	0.9843137254901961	-0.3647058823529412	-1.0	-1.0	-1.0	-1.0	-1.0	-1.0	-1.0	
-1.0	-1.0	-1.0	-1.0	-1.0	-1.0	-1.0	-1.0	-1.0	0.24705882352941178	0.9921568627450981	0.9921568627450981	0.9294117647058824	-0.2941176470588235	-1.0	0.0980392156862746	0.9921568627450981	0.9921568627450981	0.9921568627450981	0.9294117647058824	-0.4274509803921569	-1.0	-1.0	-1.0	-1.0	-1.0	-1.0	-1.0	
-1.0	-1.0	-1.0	-1.0	-1.0	-1.0	-1.0	-1.0	-1.0	0.5215686274509803	0.9921568627450981	0.9921568627450981	0.6941176470588235	-1.0	-1.0	0.5921568627450979	0.9921568627450981	0.9921568627450981	0.9921568627450981	0.6470588235294117	-1.0	-1.0	-1.0	-1.0	-1.0	-1.0	-1.0	-1.0	
-1.0	-1.0	-1.0	-1.0	-1.0	-1.0	-1.0	-1.0	-0.7803921568627451	0.7647058823529411	0.9921568627450981	0.9921568627450981	0.6941176470588235	-1.0	-1.0	0.7019607843137254	0.9921568627450981	0.9921568627450981	0.9921568627450981	0.6705882352941177	-0.8980392156862745	-1.0	-1.0	-1.0	-1.0	-1.0	-1.0	-1.0	
-1.0	-1.0	-1.0	-1.0	-1.0	-1.0	-1.0	-1.0	0.0117647058823529	0.9921568627450981	0.9921568627450981	0.9921568627450981	0.607843137254902	-1.0	-1.0	0.7019607843137254	0.9921568627450981	0.9921568627450981	0.9921568627450981	0.7176470588235293	-0.584313725490196	-1.0	-1.0	-1.0	-1.0	-1.0	-1.0	-1.0	
-1.0	-1.0	-1.0	-1.0	-1.0	-1.0	-1.0	-1.0	0.0117647058823529	0.9921568627450981	0.9921568627450981	0.9921568627450981	0.09019607843137245	-1.0	-1.0	0.7019607843137254	0.9921568627450981	0.9921568627450981	0.9921568627450981	0.0039215686274509665	-1.0	-1.0	-1.0	-1.0	-1.0	-1.0	-1.0	-1.0	
-1.0	-1.0	-1.0	-1.0	-1.0	-1.0	-1.0	-1.0	0.5921568627450979	0.9921568627450981	0.9921568627450981	0.9294117647058824	-0.1686274509803921	-1.0	-0.45882352941176474	0.8352941176470587	0.9921568627450981	0.9921568627450981	0.9921568627450981	0.0039215686274509665	-1.0	-1.0	-1.0	-1.0	-1.0	-1.0	-1.0	-1.0	
-1.0	-1.0	-1.0	-1.0	-1.0	-1.0	-1.0	-0.4980392156862745	0.8588235294117648	1.0	1.0	0.9058823529411764	-0.14509803921568631	0.2078431372549019	0.8274509803921568	1.0	1.0	1.0	0.8823529411764706	-0.3254901960784313	-1.0	-1.0	-1.0	-1.0	-1.0	-1.0	-1.0	-1.0	
-1.0	-1.0	-1.0	-1.0	-1.0	-1.0	-1.0	-0.4274509803921569	0.9137254901960785	0.9921568627450981	0.9921568627450981	0.9450980392156862	0.7960784313725491	0.9921568627450981	1.0	0.9921568627450981	0.9921568627450981	0.9921568627450981	0.7882352941176471	-1.0	-1.0	-1.0	-1.0	-1.0	-1.0	-1.0	-1.0	-1.0	
-1.0	-1.0	-1.0	-1.0	-1.0	-1.0	-1.0	-1.0	0.6549019607843136	0.9921568627450981	0.9921568627450981	0.9921568627450981	0.9921568627450981	0.9921568627450981	0.6000000000000001	0.8823529411764706	0.9921568627450981	0.9921568627450981	0.8823529411764706	-0.3254901960784313	-1.0	-1.0	-1.0	-1.0	-1.0	-1.0	-1.0	-1.0	
-1.0	-1.0	-1.0	-1.0	-1.0	-1.0	-1.0	-1.0	0.0039215686274509665	0.9450980392156862	0.9215686274509804	0.9137254901960785	0.5764705882352941	0.43529411764705883	-1.0	0.7019607843137254	0.9921568627450981	0.9921568627450981	0.7882352941176471	-1.0	-1.0	-1.0	-1.0	-1.0	-1.0	-1.0	-1.0	-1.0	
-1.0	-1.0	-1.0	-1.0	-1.0	-1.0	-1.0	-1.0	-1.0	-0.2313725490196078	-0.607843137254902	-1.0	-1.0	-1.0	-1.0	0.7019607843137254	0.9921568627450981	0.9921568627450981	0.8352941176470587	-0.5215686274509803	-1.0	-1.0	-1.0	-1.0	-1.0	-1.0	-1.0	-1.0	
-1.0	-1.0	-1.0	-1.0	-1.0	-1.0	-1.0	-1.0	-1.0	-1.0	-1.0	-1.0	-1.0	-1.0	-1.0	0.7019607843137254	0.9921568627450981	0.9921568627450981	0.9921568627450981	0.0039215686274509665	-1.0	-1.0	-1.0	-1.0	-1.0	-1.0	-1.0	-1.0	
-1.0	-1.0	-1.0	-1.0	-1.0	-1.0	-1.0	-1.0	-1.0	-1.0	-1.0	-1.0	-1.0	-1.0	-1.0	0.7019607843137254	0.9921568627450981	0.9921568627450981	0.9921568627450981	0.0039215686274509665	-1.0	-1.0	-1.0	-1.0	-1.0	-1.0	-1.0	-1.0	
-1.0	-1.0	-1.0	-1.0	-1.0	-1.0	-1.0	-1.0	-1.0	-1.0	-1.0	-1.0	-1.0	-1.0	-1.0	0.7019607843137254	0.9921568627450981	0.9921568627450981	0.9921568627450981	0.0039215686274509665	-1.0	-1.0	-1.0	-1.0	-1.0	-1.0	-1.0	-1.0	
-1.0	-1.0	-1.0	-1.0	-1.0	-1.0	-1.0	-1.0	-1.0	-1.0	-1.0	-1.0	-1.0	-1.0	-1.0	0.7019607843137254	0.9921568627450981	0.9921568627450981	0.9294117647058824	-0.15294117647058825	-1.0	-1.0	-1.0	-1.0	-1.0	-1.0	-1.0	-1.0	
-1.0	-1.0	-1.0	-1.0	-1.0	-1.0	-1.0	-1.0	-1.0	-1.0	-1.0	-1.0	-1.0	-1.0	-1.0	-0.019607843137254943	0.5450980392156863	0.9450980392156862	0.07450980392156858	-1.0	-1.0	-1.0	-1.0	-1.0	-1.0	-1.0	-1.0	-1.0	
-1.0	-1.0	-1.0	-1.0	-1.0	-1.0	-1.0	-1.0	-1.0	-1.0	-1.0	-1.0	-1.0	-1.0	-1.0	-1.0	-1.0	-1.0	-1.0	-1.0	-1.0	-1.0	-1.0	-1.0	-1.0	-1.0	-1.0	-1.0	
-1.0	-1.0	-1.0	-1.0	-1.0	-1.0	-1.0	-1.0	-1.0	-1.0	-1.0	-1.0	-1.0	-1.0	-1.0	-1.0	-1.0	-1.0	-1.0	-1.0	-1.0	-1.0	-1.0	-1.0	-1.0	-1.0	-1.0	-1.0	
-1.0	-1.0	-1.0	-1.0	-1.0	-1.0	-1.0	-1.0	-1.0	-1.0	-1.0	-1.0	-1.0	-1.0	-1.0	-1.0	-1.0	-1.0	-1.0	-1.0	-1.0	-1.0	-1.0	-1.0	-1.0	-1.0	-1.0	-1.0	
