0 0 0 0 0 0 0 0 1 0 

-1.0	-1.0	-1.0	-1.0	-1.0	-1.0	-1.0	-1.0	-1.0	-1.0	-1.0	-1.0	-1.0	-1.0	-1.0	-1.0	-1.0	-1.0	-1.0	-1.0	-1.0	-1.0	-1.0	-1.0	-1.0	-1.0	-1.0	-1.0	
-1.0	-1.0	-1.0	-1.0	-1.0	-1.0	-1.0	-1.0	-1.0	-1.0	-1.0	-1.0	-1.0	-1.0	-1.0	-1.0	-1.0	-1.0	-1.0	-1.0	-1.0	-1.0	-1.0	-1.0	-1.0	-1.0	-1.0	-1.0	
-1.0	-1.0	-1.0	-1.0	-1.0	-1.0	-1.0	-1.0	-1.0	-1.0	-1.0	-1.0	-1.0	-1.0	-1.0	-1.0	-1.0	-1.0	-1.0	-1.0	-1.0	-1.0	-1.0	-1.0	-1.0	-1.0	-1.0	-1.0	
-1.0	-1.0	-1.0	-1.0	-1.0	-1.0	-1.0	-1.0	-1.0	-1.0	-1.0	-1.0	-1.0	-1.0	-1.0	-1.0	-1.0	-1.0	-1.0	-1.0	-1.0	-1.0	-1.0	-1.0	-1.0	-1.0	-1.0	-1.0	
-1.0	-1.0	-1.0	-1.0	-1.0	-1.0	-1.0	-1.0	-1.0	-1.0	-1.0	-1.0	-1.0	-1.0	-1.0	-1.0	-1.0	-1.0	-1.0	-1.0	-1.0	-1.0	-1.0	-1.0	-1.0	-1.0	-1.0	-1.0	
-1.0	-1.0	-1.0	-1.0	-1.0	-1.0	-1.0	-1.0	-1.0	-0.4274509803921569	0.3568627450980393	0.607843137254902	0.6784313725490196	0.8666666666666667	0.607843137254902	0.607843137254902	0.607843137254902	0.10588235294117654	-1.0	-1.0	-1.0	-1.0	-1.0	-1.0	-1.0	-1.0	-1.0	-1.0	
-1.0	-1.0	-1.0	-1.0	-1.0	-1.0	-1.0	-1.0	0.3411764705882352	0.8823529411764706	1.0	1.0	0.9058823529411764	0.8745098039215686	0.8196078431372549	0.9607843137254901	0.968627450980392	0.9921568627450981	0.7254901960784315	-0.4274509803921569	-1.0	-1.0	-1.0	-1.0	-1.0	-1.0	-1.0	-1.0	
-1.0	-1.0	-1.0	-1.0	-1.0	-1.0	-1.0	-0.4274509803921569	0.9058823529411764	0.9294117647058824	0.7019607843137254	0.2549019607843137	-0.7019607843137254	-1.0	-1.0	-1.0	-0.34901960784313724	0.3176470588235294	1.0	0.607843137254902	-1.0	-1.0	-1.0	-1.0	-1.0	-1.0	-1.0	-1.0	
-1.0	-1.0	-1.0	-1.0	-1.0	-1.0	-1.0	0.39607843137254894	0.968627450980392	0.0117647058823529	-1.0	-1.0	-1.0	-1.0	-1.0	-1.0	-1.0	-0.7803921568627451	0.05882352941176472	0.8588235294117648	-1.0	-1.0	-1.0	-1.0	-1.0	-1.0	-1.0	-1.0	
-1.0	-1.0	-1.0	-1.0	-1.0	-1.0	-1.0	0.3019607843137255	0.9294117647058824	-1.0	-1.0	-1.0	-1.0	-1.0	-1.0	-1.0	-1.0	-1.0	-1.0	0.7960784313725491	-1.0	-1.0	-1.0	-1.0	-1.0	-1.0	-1.0	-1.0	
-1.0	-1.0	-1.0	-1.0	-1.0	-1.0	-1.0	0.027450980392156765	0.9764705882352942	0.21568627450980382	-1.0	-1.0	-1.0	-1.0	-1.0	-1.0	-1.0	-1.0	-0.584313725490196	0.8117647058823529	-1.0	-1.0	-1.0	-1.0	-1.0	-1.0	-1.0	-1.0	
-1.0	-1.0	-1.0	-1.0	-1.0	-1.0	-1.0	-1.0	0.7411764705882353	0.8117647058823529	-0.584313725490196	-1.0	-1.0	-1.0	-1.0	-0.8274509803921568	0.34901960784313735	-1.0	0.3411764705882352	0.780392156862745	-1.0	-1.0	-1.0	-1.0	-1.0	-1.0	-1.0	-1.0	
-1.0	-1.0	-1.0	-1.0	-1.0	-1.0	-1.0	-1.0	0.0039215686274509665	0.780392156862745	0.8666666666666667	-0.2784313725490196	-1.0	-1.0	-0.0980392156862745	0.8196078431372549	0.6470588235294117	-0.45882352941176474	0.9450980392156862	0.1215686274509804	-1.0	-1.0	-1.0	-1.0	-1.0	-1.0	-1.0	-1.0	
-1.0	-1.0	-1.0	-1.0	-1.0	-1.0	-1.0	-1.0	-1.0	-0.05882352941176472	0.8274509803921568	0.9294117647058824	-0.050980392156862786	-0.17647058823529416	0.7490196078431373	0.39607843137254894	-1.0	0.2784313725490195	0.6862745098039216	-0.5215686274509803	-1.0	-1.0	-1.0	-1.0	-1.0	-1.0	-1.0	-1.0	
-1.0	-1.0	-1.0	-1.0	-1.0	-1.0	-1.0	-1.0	-1.0	-1.0	-0.48235294117647054	0.5215686274509803	0.9294117647058824	0.9058823529411764	0.5607843137254902	-0.8980392156862745	-0.17647058823529416	0.9294117647058824	0.10588235294117654	-1.0	-1.0	-1.0	-1.0	-1.0	-1.0	-1.0	-1.0	-1.0	
-1.0	-1.0	-1.0	-1.0	-1.0	-1.0	-1.0	-1.0	-1.0	-1.0	-1.0	-0.8274509803921568	0.9529411764705882	1.0	0.6549019607843136	-0.33333333333333337	0.050980392156862786	0.780392156862745	-1.0	-1.0	-1.0	-1.0	-1.0	-1.0	-1.0	-1.0	-1.0	-1.0	
-1.0	-1.0	-1.0	-1.0	-1.0	-1.0	-1.0	-1.0	-1.0	-1.0	-0.607843137254902	0.46666666666666656	0.968627450980392	0.41960784313725497	0.7490196078431373	0.8588235294117648	0.5529411764705883	-0.45882352941176474	-1.0	-1.0	-1.0	-1.0	-1.0	-1.0	-1.0	-1.0	-1.0	-1.0	
-1.0	-1.0	-1.0	-1.0	-1.0	-1.0	-1.0	-1.0	-1.0	-1.0	0.1607843137254903	1.0	0.4509803921568627	-1.0	-0.3254901960784313	0.4509803921568627	0.9450980392156862	0.2313725490196079	-0.7019607843137254	-1.0	-1.0	-1.0	-1.0	-1.0	-1.0	-1.0	-1.0	-1.0	
-1.0	-1.0	-1.0	-1.0	-1.0	-1.0	-1.0	-1.0	-1.0	-1.0	0.7882352941176471	0.7882352941176471	-0.7019607843137254	-1.0	-1.0	-1.0	0.16862745098039222	0.7490196078431373	0.6705882352941177	-0.584313725490196	-1.0	-1.0	-1.0	-1.0	-1.0	-1.0	-1.0	-1.0	
-1.0	-1.0	-1.0	-1.0	-1.0	-1.0	-1.0	-1.0	-1.0	0.0980392156862746	0.9921568627450981	0.19999999999999996	-1.0	-1.0	-1.0	-1.0	-1.0	-0.607843137254902	0.615686274509804	0.6941176470588235	-0.06666666666666665	-1.0	-1.0	-1.0	-1.0	-1.0	-1.0	-1.0	
-1.0	-1.0	-1.0	-1.0	-1.0	-1.0	-1.0	-1.0	-1.0	0.5607843137254902	0.968627450980392	-0.05882352941176472	-1.0	-1.0	-1.0	-1.0	-1.0	-1.0	-1.0	0.1607843137254903	0.8274509803921568	-0.07450980392156858	-1.0	-1.0	-1.0	-1.0	-1.0	-1.0	
-1.0	-1.0	-1.0	-1.0	-1.0	-1.0	-1.0	-1.0	-1.0	0.4509803921568627	0.8901960784313725	-1.0	-1.0	-1.0	-1.0	-1.0	-1.0	-1.0	-1.0	-1.0	0.41176470588235303	0.7960784313725491	-0.584313725490196	-1.0	-1.0	-1.0	-1.0	-1.0	
-1.0	-1.0	-1.0	-1.0	-1.0	-1.0	-1.0	-1.0	-1.0	0.1607843137254903	0.968627450980392	0.24705882352941178	-1.0	-1.0	-1.0	-1.0	-1.0	-1.0	-1.0	-1.0	-1.0	0.5058823529411764	0.5294117647058822	-1.0	-1.0	-1.0	-1.0	-1.0	
-1.0	-1.0	-1.0	-1.0	-1.0	-1.0	-1.0	-1.0	-1.0	-0.7803921568627451	0.607843137254902	0.9843137254901961	0.584313725490196	0.11372549019607847	-0.39607843137254906	-1.0	-1.0	-1.0	-1.0	-0.7019607843137254	-0.07450980392156858	0.584313725490196	0.5058823529411764	-1.0	-1.0	-1.0	-1.0	-1.0	
-1.0	-1.0	-1.0	-1.0	-1.0	-1.0	-1.0	-1.0	-1.0	-1.0	-0.6392156862745098	0.0039215686274509665	0.5764705882352941	0.7725490196078431	0.5450980392156863	0.6235294117647059	0.6392156862745098	0.7960784313725491	0.7960784313725491	0.8196078431372549	0.8823529411764706	0.2784313725490195	-1.0	-1.0	-1.0	-1.0	-1.0	-1.0	
-1.0	-1.0	-1.0	-1.0	-1.0	-1.0	-1.0	-1.0	-1.0	-1.0	-1.0	-1.0	-1.0	-1.0	-1.0	-1.0	-1.0	-1.0	-1.0	-1.0	-1.0	-1.0	-1.0	-1.0	-1.0	-1.0	-1.0	-1.0	
-1.0	-1.0	-1.0	-1.0	-1.0	-1.0	-1.0	-1.0	-1.0	-1.0	-1.0	-1.0	-1.0	-1.0	-1.0	-1.0	-1.0	-1.0	-1.0	-1.0	-1.0	-1.0	-1.0	-1.0	-1.0	-1.0	-1.0	-1.0	
-1.0	-1.0	-1.0	-1.0	-1.0	-1.0	-1.0	-1.0	-1.0	-1.0	-1.0	-1.0	-1.0	-1.0	-1.0	-1.0	-1.0	-1.0	-1.0	-1.0	-1.0	-1.0	-1.0	-1.0	-1.0	-1.0	-1.0	-1.0	
