1 0 0 0 0 0 0 0 0 0 

-1.0	-1.0	-1.0	-1.0	-1.0	-1.0	-1.0	-1.0	-1.0	-1.0	-1.0	-1.0	-1.0	-1.0	-1.0	-1.0	-1.0	-1.0	-1.0	-1.0	-1.0	-1.0	-1.0	-1.0	-1.0	-1.0	-1.0	-1.0	
-1.0	-1.0	-1.0	-1.0	-1.0	-1.0	-1.0	-1.0	-1.0	-1.0	-1.0	-1.0	-1.0	-1.0	-1.0	-1.0	-1.0	-1.0	-1.0	-1.0	-1.0	-1.0	-1.0	-1.0	-1.0	-1.0	-1.0	-1.0	
-1.0	-1.0	-1.0	-1.0	-1.0	-1.0	-1.0	-1.0	-1.0	-1.0	-1.0	-1.0	-1.0	-1.0	-1.0	-1.0	-1.0	-1.0	-1.0	-1.0	-1.0	-1.0	-1.0	-1.0	-1.0	-1.0	-1.0	-1.0	
-1.0	-1.0	-1.0	-1.0	-1.0	-1.0	-1.0	-1.0	-1.0	-1.0	-1.0	-1.0	-1.0	-1.0	-1.0	-1.0	-1.0	-1.0	-1.0	-1.0	-1.0	-1.0	-1.0	-1.0	-1.0	-1.0	-1.0	-1.0	
-1.0	-1.0	-1.0	-1.0	-1.0	-1.0	-1.0	-1.0	-1.0	-1.0	-1.0	-1.0	-1.0	-1.0	-1.0	-1.0	-1.0	-1.0	-1.0	-1.0	-1.0	-1.0	-1.0	-1.0	-1.0	-1.0	-1.0	-1.0	
-1.0	-1.0	-1.0	-1.0	-1.0	-1.0	-1.0	-1.0	-1.0	-1.0	-1.0	-1.0	0.15294117647058814	0.3254901960784313	0.9529411764705882	1.0	1.0	0.7333333333333334	-1.0	-1.0	-1.0	-1.0	-1.0	-1.0	-1.0	-1.0	-1.0	-1.0	
-1.0	-1.0	-1.0	-1.0	-1.0	-1.0	-1.0	-1.0	-1.0	-1.0	-0.2941176470588235	-0.06666666666666665	0.7882352941176471	0.9921568627450981	0.9921568627450981	0.9921568627450981	0.9921568627450981	0.780392156862745	-0.44313725490196076	-1.0	-1.0	-1.0	-1.0	-1.0	-1.0	-1.0	-1.0	-1.0	
-1.0	-1.0	-1.0	-1.0	-1.0	-1.0	-1.0	-1.0	-1.0	-0.33333333333333337	0.8196078431372549	0.9921568627450981	0.9921568627450981	0.9921568627450981	0.9921568627450981	0.9921568627450981	0.9921568627450981	0.9921568627450981	0.6784313725490196	-1.0	-1.0	-1.0	-1.0	-1.0	-1.0	-1.0	-1.0	-1.0	
-1.0	-1.0	-1.0	-1.0	-1.0	-1.0	-1.0	-1.0	0.26274509803921564	0.9764705882352942	0.9921568627450981	0.9921568627450981	0.9921568627450981	0.9921568627450981	0.9921568627450981	0.9921568627450981	0.9921568627450981	0.9921568627450981	0.9921568627450981	0.6941176470588235	-0.48235294117647054	-1.0	-1.0	-1.0	-1.0	-1.0	-1.0	-1.0	
-1.0	-1.0	-1.0	-1.0	-1.0	-1.0	-1.0	-0.33333333333333337	0.8431372549019607	0.9921568627450981	0.9921568627450981	0.9921568627450981	0.9921568627450981	0.9921568627450981	0.9921568627450981	0.8980392156862744	0.8509803921568628	0.9764705882352942	0.9921568627450981	0.9921568627450981	0.6470588235294117	-0.48235294117647054	-1.0	-1.0	-1.0	-1.0	-1.0	-1.0	
-1.0	-1.0	-1.0	-1.0	-1.0	-1.0	-0.2941176470588235	0.8196078431372549	0.9921568627450981	0.9921568627450981	0.9921568627450981	0.9921568627450981	0.9921568627450981	0.9921568627450981	0.8431372549019607	-0.1843137254901961	-1.0	0.5294117647058822	0.9921568627450981	0.9921568627450981	0.9921568627450981	0.2705882352941176	-1.0	-1.0	-1.0	-1.0	-1.0	-1.0	
-1.0	-1.0	-1.0	-1.0	-1.0	-1.0	-0.06666666666666665	0.9921568627450981	0.9921568627450981	0.9921568627450981	0.9921568627450981	0.9921568627450981	0.9607843137254901	0.24705882352941178	-0.5607843137254902	-1.0	-1.0	0.1215686274509804	0.9921568627450981	0.9921568627450981	0.9921568627450981	0.2705882352941176	-1.0	-1.0	-1.0	-1.0	-1.0	-1.0	
-1.0	-1.0	-1.0	-1.0	-1.0	-1.0	-0.4980392156862745	0.6941176470588235	0.9921568627450981	0.9921568627450981	0.9921568627450981	0.9921568627450981	0.8823529411764706	-1.0	-1.0	-1.0	-1.0	-0.39607843137254906	0.19215686274509802	0.9921568627450981	0.9921568627450981	0.8352941176470587	0.3568627450980393	-1.0	-1.0	-1.0	-1.0	-1.0	
-1.0	-1.0	-1.0	-1.0	-1.0	-1.0	-1.0	0.5607843137254902	0.9921568627450981	0.9921568627450981	0.9921568627450981	0.9921568627450981	0.8823529411764706	-1.0	-1.0	-1.0	-1.0	-1.0	-0.44313725490196076	0.9921568627450981	0.9921568627450981	0.9921568627450981	0.5607843137254902	-1.0	-1.0	-1.0	-1.0	-1.0	
-1.0	-1.0	-1.0	-1.0	-1.0	-1.0	-1.0	0.5607843137254902	0.9921568627450981	0.9921568627450981	0.9921568627450981	0.8980392156862744	0.050980392156862786	-1.0	-1.0	-1.0	-1.0	-1.0	-0.8274509803921568	0.4745098039215687	0.9921568627450981	0.9921568627450981	0.7098039215686274	-0.48235294117647054	-1.0	-1.0	-1.0	-1.0	
-1.0	-1.0	-1.0	-1.0	-1.0	-1.0	-1.0	0.5607843137254902	0.9921568627450981	0.9921568627450981	0.9921568627450981	0.6000000000000001	-1.0	-1.0	-1.0	-1.0	-1.0	-1.0	-1.0	0.41176470588235303	0.9921568627450981	0.9921568627450981	0.9921568627450981	-0.08235294117647063	-1.0	-1.0	-1.0	-1.0	
-1.0	-1.0	-1.0	-1.0	-1.0	-1.0	-1.0	0.5607843137254902	0.9921568627450981	0.9921568627450981	0.9921568627450981	-0.48235294117647054	-1.0	-1.0	-1.0	-1.0	-1.0	-1.0	-1.0	0.41176470588235303	0.9921568627450981	0.9921568627450981	0.7960784313725491	-0.33333333333333337	-1.0	-1.0	-1.0	-1.0	
-1.0	-1.0	-1.0	-1.0	-1.0	-1.0	-1.0	0.5607843137254902	0.9921568627450981	0.9921568627450981	0.9921568627450981	-0.48235294117647054	-1.0	-1.0	-1.0	-1.0	-1.0	-1.0	-0.7019607843137254	0.5921568627450979	0.9921568627450981	0.9843137254901961	0.3568627450980393	-1.0	-1.0	-1.0	-1.0	-1.0	
-1.0	-1.0	-1.0	-1.0	-1.0	-1.0	-1.0	0.5607843137254902	0.9921568627450981	0.9921568627450981	0.9921568627450981	-0.48235294117647054	-1.0	-1.0	-1.0	-1.0	-1.0	-1.0	0.4274509803921569	0.9921568627450981	0.9921568627450981	0.968627450980392	-1.0	-1.0	-1.0	-1.0	-1.0	-1.0	
-1.0	-1.0	-1.0	-1.0	-1.0	-1.0	-1.0	0.5607843137254902	0.9921568627450981	0.9921568627450981	0.9921568627450981	-0.48235294117647054	-1.0	-1.0	-1.0	-1.0	-1.0	-1.0	0.6705882352941177	0.9921568627450981	0.9921568627450981	0.968627450980392	-1.0	-1.0	-1.0	-1.0	-1.0	-1.0	
-1.0	-1.0	-1.0	-1.0	-1.0	-1.0	-1.0	0.5607843137254902	0.9921568627450981	0.9921568627450981	0.9921568627450981	0.6549019607843136	0.0039215686274509665	-1.0	-1.0	-0.0980392156862745	0.05882352941176472	0.7882352941176471	0.9529411764705882	0.9921568627450981	0.9921568627450981	0.39607843137254894	-1.0	-1.0	-1.0	-1.0	-1.0	-1.0	
-1.0	-1.0	-1.0	-1.0	-1.0	-1.0	-1.0	-0.0117647058823529	0.9607843137254901	0.9921568627450981	0.9921568627450981	0.9921568627450981	0.9529411764705882	0.6392156862745098	0.6392156862745098	0.8980392156862744	0.9921568627450981	0.9921568627450981	0.9921568627450981	0.9921568627450981	0.4039215686274509	-0.207843137254902	-1.0	-1.0	-1.0	-1.0	-1.0	-1.0	
-1.0	-1.0	-1.0	-1.0	-1.0	-1.0	-1.0	-1.0	-0.0039215686274509665	0.8980392156862744	0.9921568627450981	0.9921568627450981	0.9921568627450981	0.9921568627450981	0.9921568627450981	0.9921568627450981	0.9921568627450981	0.9921568627450981	0.9921568627450981	0.8117647058823529	-0.34901960784313724	-1.0	-1.0	-1.0	-1.0	-1.0	-1.0	-1.0	
-1.0	-1.0	-1.0	-1.0	-1.0	-1.0	-1.0	-1.0	-1.0	0.584313725490196	0.9058823529411764	0.9921568627450981	0.9921568627450981	0.9921568627450981	0.9921568627450981	0.9921568627450981	0.9921568627450981	0.8196078431372549	0.2941176470588236	-0.30980392156862746	-1.0	-1.0	-1.0	-1.0	-1.0	-1.0	-1.0	-1.0	
-1.0	-1.0	-1.0	-1.0	-1.0	-1.0	-1.0	-1.0	-1.0	-1.0	0.0039215686274509665	0.584313725490196	0.9921568627450981	0.9921568627450981	0.9921568627450981	0.9921568627450981	0.7098039215686274	-0.5215686274509803	-1.0	-1.0	-1.0	-1.0	-1.0	-1.0	-1.0	-1.0	-1.0	-1.0	
-1.0	-1.0	-1.0	-1.0	-1.0	-1.0	-1.0	-1.0	-1.0	-1.0	-1.0	-1.0	-1.0	-1.0	-1.0	-1.0	-1.0	-1.0	-1.0	-1.0	-1.0	-1.0	-1.0	-1.0	-1.0	-1.0	-1.0	-1.0	
-1.0	-1.0	-1.0	-1.0	-1.0	-1.0	-1.0	-1.0	-1.0	-1.0	-1.0	-1.0	-1.0	-1.0	-1.0	-1.0	-1.0	-1.0	-1.0	-1.0	-1.0	-1.0	-1.0	-1.0	-1.0	-1.0	-1.0	-1.0	
-1.0	-1.0	-1.0	-1.0	-1.0	-1.0	-1.0	-1.0	-1.0	-1.0	-1.0	-1.0	-1.0	-1.0	-1.0	-1.0	-1.0	-1.0	-1.0	-1.0	-1.0	-1.0	-1.0	-1.0	-1.0	-1.0	-1.0	-1.0	
