0 0 0 0 0 0 0 0 1 0 

-1.0	-1.0	-1.0	-1.0	-1.0	-1.0	-1.0	-1.0	-1.0	-1.0	-1.0	-1.0	-1.0	-1.0	-1.0	-1.0	-1.0	-1.0	-1.0	-1.0	-1.0	-1.0	-1.0	-1.0	-1.0	-1.0	-1.0	-1.0	
-1.0	-1.0	-1.0	-1.0	-1.0	-1.0	-1.0	-1.0	-1.0	-1.0	-1.0	-1.0	-1.0	-1.0	-1.0	-1.0	-1.0	-1.0	-1.0	-1.0	-1.0	-1.0	-1.0	-1.0	-1.0	-1.0	-1.0	-1.0	
-1.0	-1.0	-1.0	-1.0	-1.0	-1.0	-1.0	-1.0	-1.0	-1.0	-1.0	-1.0	-1.0	-1.0	-1.0	-1.0	-1.0	-1.0	-1.0	-1.0	-1.0	-1.0	-1.0	-1.0	-1.0	-1.0	-1.0	-1.0	
-1.0	-1.0	-1.0	-1.0	-1.0	-1.0	-1.0	-1.0	-1.0	-1.0	-1.0	-1.0	-1.0	-1.0	-1.0	-1.0	-1.0	-1.0	-1.0	-1.0	-1.0	-1.0	-1.0	-1.0	-1.0	-1.0	-1.0	-1.0	
-1.0	-1.0	-1.0	-1.0	-1.0	-1.0	-1.0	-1.0	-1.0	-1.0	-1.0	-1.0	-1.0	-1.0	-1.0	-1.0	-1.0	-1.0	-1.0	-1.0	-1.0	-1.0	-1.0	-1.0	-1.0	-1.0	-1.0	-1.0	
-1.0	-1.0	-1.0	-1.0	-1.0	-1.0	-1.0	-1.0	-1.0	-1.0	-1.0	-1.0	-1.0	-1.0	-1.0	-1.0	-1.0	-1.0	-1.0	-1.0	-1.0	-1.0	-1.0	-1.0	-1.0	-1.0	-1.0	-1.0	
-1.0	-1.0	-1.0	-1.0	-1.0	-0.8980392156862745	-0.6392156862745098	-0.6392156862745098	-0.6392156862745098	-0.6392156862745098	-0.8274509803921568	-1.0	-1.0	-1.0	-1.0	-1.0	-1.0	-1.0	-1.0	-1.0	0.7019607843137254	1.0	0.1215686274509804	-1.0	-1.0	-1.0	-1.0	-1.0	
-1.0	-1.0	-1.0	-1.0	-0.4980392156862745	0.5607843137254902	1.0	1.0	1.0	1.0	0.6862745098039216	-0.050980392156862786	-0.7333333333333334	-1.0	-1.0	-1.0	-1.0	-1.0	-1.0	0.07450980392156858	0.968627450980392	1.0	0.7882352941176471	-1.0	-1.0	-1.0	-1.0	-1.0	
-1.0	-1.0	-1.0	-0.4980392156862745	0.8117647058823529	1.0	1.0	1.0	1.0	1.0	1.0	1.0	0.5215686274509803	-1.0	-1.0	-1.0	-1.0	-1.0	-0.4274509803921569	0.9215686274509804	1.0	1.0	0.39607843137254894	-1.0	-1.0	-1.0	-1.0	-1.0	
-1.0	-1.0	-1.0	0.8117647058823529	1.0	0.9921568627450981	0.9058823529411764	0.9058823529411764	0.9215686274509804	1.0	1.0	1.0	0.7176470588235293	-1.0	-1.0	-1.0	-1.0	0.10588235294117654	0.9529411764705882	1.0	1.0	0.9607843137254901	-0.7019607843137254	-1.0	-1.0	-1.0	-1.0	-1.0	
-1.0	-1.0	-1.0	1.0	1.0	0.9294117647058824	-1.0	-1.0	-0.45882352941176474	0.30980392156862746	0.30980392156862746	0.30980392156862746	-0.2784313725490196	-1.0	-1.0	-1.0	0.11372549019607847	0.9450980392156862	1.0	1.0	0.9529411764705882	0.027450980392156765	-1.0	-1.0	-1.0	-1.0	-1.0	-1.0	
-1.0	-1.0	-1.0	1.0	1.0	0.9372549019607843	-0.15294117647058825	-0.45882352941176474	-1.0	-1.0	-1.0	-1.0	-1.0	-1.0	-1.0	-0.5215686274509803	0.8666666666666667	1.0	1.0	1.0	0.4509803921568627	-1.0	-1.0	-1.0	-1.0	-1.0	-1.0	-1.0	
-1.0	-1.0	-1.0	0.6862745098039216	1.0	1.0	1.0	0.803921568627451	0.584313725490196	-0.0980392156862745	-0.0980392156862745	-0.4980392156862745	-1.0	-1.0	-0.4980392156862745	0.6784313725490196	1.0	1.0	1.0	0.6392156862745098	-0.6705882352941177	-1.0	-1.0	-1.0	-1.0	-1.0	-1.0	-1.0	
-1.0	-1.0	-1.0	-0.1215686274509804	0.5686274509803921	0.9215686274509804	1.0	1.0	1.0	1.0	1.0	0.7882352941176471	0.6941176470588235	0.5372549019607844	0.37254901960784315	1.0	1.0	1.0	0.9294117647058824	-0.3803921568627451	-1.0	-1.0	-1.0	-1.0	-1.0	-1.0	-1.0	-1.0	
-1.0	-1.0	-1.0	-1.0	-1.0	-0.027450980392156876	0.8117647058823529	1.0	1.0	1.0	1.0	1.0	1.0	1.0	1.0	1.0	1.0	1.0	0.607843137254902	-1.0	-1.0	-1.0	-1.0	-1.0	-1.0	-1.0	-1.0	-1.0	
-1.0	-1.0	-1.0	-1.0	-1.0	-1.0	-0.6392156862745098	0.5529411764705883	0.7647058823529411	0.8117647058823529	1.0	1.0	1.0	1.0	1.0	1.0	1.0	1.0	0.9058823529411764	0.15294117647058814	-0.7019607843137254	-1.0	-1.0	-1.0	-1.0	-1.0	-1.0	-1.0	
-1.0	-1.0	-1.0	-1.0	-1.0	-1.0	-1.0	-1.0	-1.0	-0.5372549019607843	0.050980392156862786	0.050980392156862786	0.8117647058823529	1.0	1.0	1.0	1.0	1.0	1.0	1.0	0.5450980392156863	-0.7333333333333334	-1.0	-1.0	-1.0	-1.0	-1.0	-1.0	
-1.0	-1.0	-1.0	-1.0	-1.0	-1.0	-1.0	-1.0	-1.0	-1.0	-1.0	-1.0	0.7411764705882353	1.0	1.0	1.0	0.24705882352941178	0.3254901960784313	0.968627450980392	1.0	1.0	0.37254901960784315	-1.0	-1.0	-1.0	-1.0	-1.0	-1.0	
-1.0	-1.0	-1.0	-1.0	-1.0	-1.0	-1.0	-1.0	-1.0	-1.0	-1.0	-1.0	0.7411764705882353	1.0	1.0	0.9058823529411764	-0.2549019607843137	-1.0	0.2705882352941176	0.968627450980392	1.0	0.9215686274509804	-0.7019607843137254	-1.0	-1.0	-1.0	-1.0	-1.0	
-1.0	-1.0	-1.0	-1.0	-1.0	-1.0	-1.0	-1.0	-1.0	-1.0	-1.0	-1.0	0.21568627450980382	1.0	1.0	0.6862745098039216	-1.0	-1.0	-1.0	0.4745098039215687	1.0	1.0	-0.7019607843137254	-1.0	-1.0	-1.0	-1.0	-1.0	
-1.0	-1.0	-1.0	-1.0	-1.0	-1.0	-1.0	-1.0	-1.0	-1.0	-1.0	-1.0	-0.13725490196078427	0.9215686274509804	1.0	0.6862745098039216	-1.0	-1.0	-1.0	0.8509803921568628	1.0	1.0	-0.7019607843137254	-1.0	-1.0	-1.0	-1.0	-1.0	
-1.0	-1.0	-1.0	-1.0	-1.0	-1.0	-1.0	-1.0	-1.0	-1.0	-1.0	-1.0	-1.0	0.7725490196078431	1.0	0.6862745098039216	-1.0	-1.0	0.24705882352941178	0.9450980392156862	1.0	1.0	-0.7019607843137254	-1.0	-1.0	-1.0	-1.0	-1.0	
-1.0	-1.0	-1.0	-1.0	-1.0	-1.0	-1.0	-1.0	-1.0	-1.0	-1.0	-1.0	-1.0	0.5372549019607844	1.0	0.968627450980392	0.9137254901960785	0.9137254901960785	0.9843137254901961	1.0	1.0	1.0	-0.7019607843137254	-1.0	-1.0	-1.0	-1.0	-1.0	
-1.0	-1.0	-1.0	-1.0	-1.0	-1.0	-1.0	-1.0	-1.0	-1.0	-1.0	-1.0	-1.0	-0.7019607843137254	0.5686274509803921	1.0	1.0	1.0	1.0	1.0	1.0	0.24705882352941178	-0.8980392156862745	-1.0	-1.0	-1.0	-1.0	-1.0	
-1.0	-1.0	-1.0	-1.0	-1.0	-1.0	-1.0	-1.0	-1.0	-1.0	-1.0	-1.0	-1.0	-1.0	-0.7333333333333334	0.388235294117647	0.9294117647058824	1.0	1.0	0.5686274509803921	0.19999999999999996	-0.8980392156862745	-1.0	-1.0	-1.0	-1.0	-1.0	-1.0	
-1.0	-1.0	-1.0	-1.0	-1.0	-1.0	-1.0	-1.0	-1.0	-1.0	-1.0	-1.0	-1.0	-1.0	-1.0	-1.0	-0.7019607843137254	-0.027450980392156876	-0.3803921568627451	-0.8980392156862745	-1.0	-1.0	-1.0	-1.0	-1.0	-1.0	-1.0	-1.0	
-1.0	-1.0	-1.0	-1.0	-1.0	-1.0	-1.0	-1.0	-1.0	-1.0	-1.0	-1.0	-1.0	-1.0	-1.0	-1.0	-1.0	-1.0	-1.0	-1.0	-1.0	-1.0	-1.0	-1.0	-1.0	-1.0	-1.0	-1.0	
-1.0	-1.0	-1.0	-1.0	-1.0	-1.0	-1.0	-1.0	-1.0	-1.0	-1.0	-1.0	-1.0	-1.0	-1.0	-1.0	-1.0	-1.0	-1.0	-1.0	-1.0	-1.0	-1.0	-1.0	-1.0	-1.0	-1.0	-1.0	
