1 0 0 0 0 0 0 0 0 0 

-1.0	-1.0	-1.0	-1.0	-1.0	-1.0	-1.0	-1.0	-1.0	-1.0	-1.0	-1.0	-1.0	-1.0	-1.0	-1.0	-1.0	-1.0	-1.0	-1.0	-1.0	-1.0	-1.0	-1.0	-1.0	-1.0	-1.0	-1.0	
-1.0	-1.0	-1.0	-1.0	-1.0	-1.0	-1.0	-1.0	-1.0	-1.0	-1.0	-1.0	-1.0	-1.0	-1.0	-1.0	-1.0	-1.0	-1.0	-1.0	-1.0	-1.0	-1.0	-1.0	-1.0	-1.0	-1.0	-1.0	
-1.0	-1.0	-1.0	-1.0	-1.0	-1.0	-1.0	-1.0	-1.0	-1.0	-1.0	-1.0	-1.0	-1.0	-1.0	-1.0	-1.0	-1.0	-1.0	-1.0	-1.0	-1.0	-1.0	-1.0	-1.0	-1.0	-1.0	-1.0	
-1.0	-1.0	-1.0	-1.0	-1.0	-1.0	-1.0	-1.0	-1.0	-1.0	-1.0	-1.0	-1.0	-1.0	-1.0	-1.0	-1.0	-1.0	-1.0	-1.0	-1.0	-1.0	-1.0	-1.0	-1.0	-1.0	-1.0	-1.0	
-1.0	-1.0	-1.0	-1.0	-1.0	-1.0	-1.0	-1.0	-1.0	-1.0	-1.0	-1.0	-0.8274509803921568	-0.6392156862745098	-0.6392156862745098	-0.8274509803921568	-1.0	-1.0	-1.0	-1.0	-1.0	0.027450980392156765	-0.4980392156862745	-1.0	-1.0	-1.0	-1.0	-1.0	
-1.0	-1.0	-1.0	-1.0	-1.0	-1.0	-1.0	-1.0	-1.0	-1.0	-0.607843137254902	-0.19999999999999996	0.6313725490196078	1.0	1.0	0.4745098039215687	-1.0	-1.0	-1.0	-1.0	-1.0	0.8901960784313725	0.8117647058823529	-0.4980392156862745	-1.0	-1.0	-1.0	-1.0	
-1.0	-1.0	-1.0	-1.0	-1.0	-1.0	-1.0	-1.0	-0.8274509803921568	0.2941176470588236	0.8509803921568628	1.0	1.0	0.9843137254901961	0.9294117647058824	0.388235294117647	-1.0	-1.0	-1.0	-1.0	-1.0	0.30980392156862746	0.9921568627450981	0.5137254901960784	-1.0	-1.0	-1.0	-1.0	
-1.0	-1.0	-1.0	-1.0	-1.0	-1.0	-1.0	-0.8274509803921568	0.37254901960784315	1.0	1.0	0.9843137254901961	0.8196078431372549	0.2078431372549019	-1.0	-1.0	-1.0	-1.0	-1.0	-1.0	-1.0	-1.0	0.9372549019607843	0.8196078431372549	-0.44313725490196076	-1.0	-1.0	-1.0	
-1.0	-1.0	-1.0	-1.0	-1.0	-1.0	-0.8274509803921568	0.37254901960784315	1.0	1.0	0.8588235294117648	0.2078431372549019	-1.0	-1.0	-1.0	-1.0	-1.0	-1.0	-1.0	-1.0	-1.0	-1.0	0.9372549019607843	1.0	0.5607843137254902	-1.0	-1.0	-1.0	
-1.0	-1.0	-1.0	-1.0	-1.0	-0.8980392156862745	0.37254901960784315	1.0	1.0	0.8588235294117648	-0.19999999999999996	-1.0	-1.0	-1.0	-1.0	-1.0	-1.0	-1.0	-1.0	-1.0	-1.0	-1.0	0.615686274509804	1.0	1.0	-1.0	-1.0	-1.0	
-1.0	-1.0	-1.0	-1.0	-1.0	-0.6392156862745098	1.0	1.0	0.9372549019607843	-0.19999999999999996	-1.0	-1.0	-1.0	-1.0	-1.0	-1.0	-1.0	-1.0	-1.0	-1.0	-1.0	-1.0	0.39607843137254894	1.0	1.0	-1.0	-1.0	-1.0	
-1.0	-1.0	-1.0	-1.0	-1.0	-0.6392156862745098	1.0	1.0	0.5529411764705883	-1.0	-1.0	-1.0	-1.0	-1.0	-1.0	-1.0	-1.0	-1.0	-1.0	-1.0	-1.0	-1.0	-0.17647058823529416	0.968627450980392	1.0	-1.0	-1.0	-1.0	
-1.0	-1.0	-1.0	-1.0	-1.0	0.2941176470588236	1.0	0.9529411764705882	-0.2313725490196078	-1.0	-1.0	-1.0	-1.0	-1.0	-1.0	-1.0	-1.0	-1.0	-1.0	-1.0	-1.0	-1.0	-1.0	0.9607843137254901	1.0	-1.0	-1.0	-1.0	
-1.0	-1.0	-1.0	-1.0	-1.0	0.4901960784313726	1.0	0.9294117647058824	-1.0	-1.0	-1.0	-1.0	-1.0	-1.0	-1.0	-1.0	-1.0	-1.0	-1.0	-1.0	-1.0	-1.0	-1.0	0.9607843137254901	1.0	-1.0	-1.0	-1.0	
-1.0	-1.0	-1.0	-1.0	-1.0	0.8980392156862744	1.0	0.5372549019607844	-1.0	-1.0	-1.0	-1.0	-1.0	-1.0	-1.0	-1.0	-1.0	-1.0	-1.0	-1.0	-1.0	-1.0	-1.0	0.9607843137254901	1.0	-1.0	-1.0	-1.0	
-1.0	-1.0	-1.0	-1.0	-1.0	0.8666666666666667	1.0	0.8352941176470587	-1.0	-1.0	-1.0	-1.0	-1.0	-1.0	-1.0	-1.0	-1.0	-1.0	-1.0	-1.0	-1.0	-1.0	-1.0	0.9607843137254901	1.0	-1.0	-1.0	-1.0	
-1.0	-1.0	-1.0	-1.0	-1.0	0.4901960784313726	1.0	0.9529411764705882	-0.19999999999999996	-1.0	-1.0	-1.0	-1.0	-1.0	-1.0	-1.0	-1.0	-1.0	-1.0	-1.0	-1.0	-1.0	-0.17647058823529416	0.968627450980392	0.8588235294117648	-1.0	-1.0	-1.0	
-1.0	-1.0	-1.0	-1.0	-1.0	0.24705882352941178	1.0	1.0	0.5686274509803921	-1.0	-1.0	-1.0	-1.0	-1.0	-1.0	-1.0	-1.0	-1.0	-1.0	-1.0	-1.0	-1.0	0.8588235294117648	1.0	0.48235294117647065	-1.0	-1.0	-1.0	
-1.0	-1.0	-1.0	-1.0	-1.0	-0.6392156862745098	1.0	1.0	0.9843137254901961	0.48235294117647065	-1.0	-1.0	-1.0	-1.0	-1.0	-1.0	-1.0	-1.0	-1.0	-1.0	-1.0	-0.13725490196078427	0.9607843137254901	1.0	0.48235294117647065	-1.0	-1.0	-1.0	
-1.0	-1.0	-1.0	-1.0	-1.0	-0.8980392156862745	0.33333333333333326	1.0	1.0	0.9843137254901961	0.2078431372549019	-1.0	-1.0	-1.0	-1.0	-1.0	-1.0	-1.0	-1.0	-1.0	-0.13725490196078427	0.8901960784313725	1.0	0.8274509803921568	-0.4117647058823529	-1.0	-1.0	-1.0	
-1.0	-1.0	-1.0	-1.0	-1.0	-1.0	-0.8274509803921568	0.6000000000000001	1.0	1.0	0.8745098039215686	0.24705882352941178	-1.0	-1.0	-1.0	-1.0	-1.0	-1.0	-1.0	-0.13725490196078427	0.8901960784313725	1.0	1.0	0.22352941176470598	-1.0	-1.0	-1.0	-1.0	
-1.0	-1.0	-1.0	-1.0	-1.0	-1.0	-1.0	-0.5607843137254902	0.33333333333333326	1.0	1.0	0.9843137254901961	0.584313725490196	-0.207843137254902	-1.0	-1.0	-1.0	-1.0	0.5137254901960784	0.9607843137254901	1.0	1.0	0.2941176470588236	-0.8980392156862745	-1.0	-1.0	-1.0	-1.0	
-1.0	-1.0	-1.0	-1.0	-1.0	-1.0	-1.0	-1.0	-0.48235294117647054	0.584313725490196	1.0	1.0	1.0	0.968627450980392	0.9607843137254901	0.9607843137254901	0.9607843137254901	0.9607843137254901	0.9921568627450981	1.0	0.8274509803921568	0.22352941176470598	-0.8980392156862745	-1.0	-1.0	-1.0	-1.0	-1.0	
-1.0	-1.0	-1.0	-1.0	-1.0	-1.0	-1.0	-1.0	-1.0	-0.8980392156862745	-0.6705882352941177	-0.6705882352941177	-0.6705882352941177	-0.6705882352941177	-0.6705882352941177	-0.6705882352941177	-0.6705882352941177	-0.6705882352941177	-0.6705882352941177	-0.6705882352941177	-0.7333333333333334	-1.0	-1.0	-1.0	-1.0	-1.0	-1.0	-1.0	
-1.0	-1.0	-1.0	-1.0	-1.0	-1.0	-1.0	-1.0	-1.0	-1.0	-1.0	-1.0	-1.0	-1.0	-1.0	-1.0	-1.0	-1.0	-1.0	-1.0	-1.0	-1.0	-1.0	-1.0	-1.0	-1.0	-1.0	-1.0	
-1.0	-1.0	-1.0	-1.0	-1.0	-1.0	-1.0	-1.0	-1.0	-1.0	-1.0	-1.0	-1.0	-1.0	-1.0	-1.0	-1.0	-1.0	-1.0	-1.0	-1.0	-1.0	-1.0	-1.0	-1.0	-1.0	-1.0	-1.0	
-1.0	-1.0	-1.0	-1.0	-1.0	-1.0	-1.0	-1.0	-1.0	-1.0	-1.0	-1.0	-1.0	-1.0	-1.0	-1.0	-1.0	-1.0	-1.0	-1.0	-1.0	-1.0	-1.0	-1.0	-1.0	-1.0	-1.0	-1.0	
-1.0	-1.0	-1.0	-1.0	-1.0	-1.0	-1.0	-1.0	-1.0	-1.0	-1.0	-1.0	-1.0	-1.0	-1.0	-1.0	-1.0	-1.0	-1.0	-1.0	-1.0	-1.0	-1.0	-1.0	-1.0	-1.0	-1.0	-1.0	
