1 0 0 0 0 0 0 0 0 0 

-1.0	-1.0	-1.0	-1.0	-1.0	-1.0	-1.0	-1.0	-1.0	-1.0	-1.0	-1.0	-1.0	-1.0	-1.0	-1.0	-1.0	-1.0	-1.0	-1.0	-1.0	-1.0	-1.0	-1.0	-1.0	-1.0	-1.0	-1.0	
-1.0	-1.0	-1.0	-1.0	-1.0	-1.0	-1.0	-1.0	-1.0	-1.0	-1.0	-1.0	-1.0	-1.0	-1.0	-1.0	-1.0	-1.0	-1.0	-1.0	-1.0	-1.0	-1.0	-1.0	-1.0	-1.0	-1.0	-1.0	
-1.0	-1.0	-1.0	-1.0	-1.0	-1.0	-1.0	-1.0	-1.0	-1.0	-1.0	-1.0	-1.0	-1.0	-1.0	-1.0	-1.0	-1.0	-1.0	-1.0	-1.0	-1.0	-1.0	-1.0	-1.0	-1.0	-1.0	-1.0	
-1.0	-1.0	-1.0	-1.0	-1.0	-1.0	-1.0	-1.0	-1.0	-1.0	0.607843137254902	0.24705882352941178	-0.1215686274509804	-1.0	-1.0	-1.0	-1.0	-1.0	-1.0	-1.0	-1.0	-1.0	-1.0	-1.0	-1.0	-1.0	-1.0	-1.0	
-1.0	-1.0	-1.0	-1.0	-1.0	-1.0	-1.0	-1.0	-1.0	-0.07450980392156858	0.7960784313725491	0.9843137254901961	0.6862745098039216	-1.0	-1.0	-1.0	-1.0	-1.0	-1.0	-1.0	-1.0	-1.0	-1.0	-1.0	-1.0	-1.0	-1.0	-1.0	
-1.0	-1.0	-1.0	-1.0	-1.0	-1.0	-1.0	-1.0	-0.2705882352941177	0.8117647058823529	0.9843137254901961	0.9843137254901961	0.6862745098039216	-1.0	-1.0	-1.0	-1.0	-1.0	-1.0	-1.0	-1.0	-1.0	-1.0	-1.0	-1.0	-1.0	-1.0	-1.0	
-1.0	-1.0	-1.0	-1.0	-1.0	-1.0	-1.0	-1.0	0.8666666666666667	0.9843137254901961	0.9843137254901961	0.9843137254901961	0.968627450980392	0.9215686274509804	0.9215686274509804	0.9294117647058824	0.9215686274509804	0.30980392156862746	-0.14509803921568631	-0.3254901960784313	-1.0	-1.0	-1.0	-1.0	-1.0	-1.0	-1.0	-1.0	
-1.0	-1.0	-1.0	-1.0	-1.0	-1.0	-0.07450980392156858	0.30980392156862746	0.9450980392156862	0.9843137254901961	0.9843137254901961	0.9843137254901961	0.9843137254901961	0.9843137254901961	0.9843137254901961	0.9921568627450981	0.9843137254901961	0.9843137254901961	0.9843137254901961	0.7568627450980392	0.30980392156862746	0.2549019607843137	-1.0	-1.0	-1.0	-1.0	-1.0	-1.0	
-1.0	-1.0	-1.0	-1.0	-1.0	-0.1686274509803921	0.7960784313725491	0.9843137254901961	0.9843137254901961	0.9843137254901961	0.9843137254901961	0.9843137254901961	0.803921568627451	0.2941176470588236	0.2941176470588236	0.9921568627450981	0.9843137254901961	0.9843137254901961	0.9843137254901961	0.9843137254901961	0.9843137254901961	0.9137254901960785	-1.0	-1.0	-1.0	-1.0	-1.0	-1.0	
-1.0	-1.0	-1.0	-1.0	-1.0	0.03529411764705892	0.9843137254901961	0.9843137254901961	0.9843137254901961	0.9843137254901961	0.9450980392156862	0.09019607843137245	-0.2941176470588235	-1.0	-1.0	-0.15294117647058825	-0.1686274509803921	0.6784313725490196	0.9764705882352942	0.9843137254901961	0.9843137254901961	0.9764705882352942	0.8509803921568628	0.30980392156862746	-1.0	-1.0	-1.0	-1.0	
-1.0	-1.0	-1.0	-1.0	-1.0	0.4274509803921569	0.9843137254901961	0.9843137254901961	0.9843137254901961	0.9843137254901961	0.2941176470588236	-1.0	-1.0	-1.0	-1.0	-1.0	-1.0	-1.0	0.6862745098039216	0.9843137254901961	0.9843137254901961	0.9843137254901961	0.9843137254901961	0.615686274509804	-0.4117647058823529	-1.0	-1.0	-1.0	
-1.0	-1.0	-1.0	-1.0	-1.0	0.9921568627450981	0.9843137254901961	0.9843137254901961	0.9843137254901961	0.7882352941176471	-0.0980392156862745	-1.0	-1.0	-1.0	-1.0	-1.0	-1.0	-1.0	-0.4117647058823529	0.6627450980392158	0.9843137254901961	0.9843137254901961	0.9843137254901961	0.9843137254901961	0.019607843137254832	-1.0	-1.0	-1.0	
-1.0	-1.0	-1.0	-1.0	-1.0	0.9921568627450981	0.9843137254901961	0.9843137254901961	0.9843137254901961	0.5921568627450979	-1.0	-1.0	-1.0	-1.0	-1.0	-1.0	-1.0	-1.0	-1.0	0.30980392156862746	0.9843137254901961	0.9843137254901961	0.9843137254901961	0.9843137254901961	0.019607843137254832	-1.0	-1.0	-1.0	
-1.0	-1.0	-1.0	-1.0	-1.0	1.0	0.9921568627450981	0.9921568627450981	0.9921568627450981	0.6000000000000001	-1.0	-1.0	-1.0	-1.0	-1.0	-1.0	-1.0	-1.0	-1.0	0.30980392156862746	0.9921568627450981	0.9921568627450981	0.9921568627450981	0.9921568627450981	0.019607843137254832	-1.0	-1.0	-1.0	
-1.0	-1.0	-1.0	-1.0	-1.0	0.9921568627450981	0.9843137254901961	0.9843137254901961	0.9843137254901961	0.5921568627450979	-1.0	-1.0	-1.0	-1.0	-1.0	-1.0	-1.0	-1.0	-1.0	0.30980392156862746	0.9843137254901961	0.9843137254901961	0.9843137254901961	0.9843137254901961	0.019607843137254832	-1.0	-1.0	-1.0	
-1.0	-1.0	-1.0	-1.0	-1.0	0.9921568627450981	0.9843137254901961	0.9843137254901961	0.9843137254901961	0.5921568627450979	-1.0	-1.0	-1.0	-1.0	-1.0	-1.0	-1.0	-1.0	-1.0	0.30980392156862746	0.9843137254901961	0.9843137254901961	0.9843137254901961	0.9843137254901961	0.019607843137254832	-1.0	-1.0	-1.0	
-1.0	-1.0	-1.0	-1.0	-1.0	0.33333333333333326	0.9843137254901961	0.9843137254901961	0.9843137254901961	0.5921568627450979	-1.0	-1.0	-1.0	-1.0	-1.0	-1.0	-1.0	-1.0	-0.1686274509803921	0.44313725490196076	0.9843137254901961	0.9843137254901961	0.9843137254901961	0.9058823529411764	-0.05882352941176472	-1.0	-1.0	-1.0	
-1.0	-1.0	-1.0	-1.0	-1.0	0.9921568627450981	0.9843137254901961	0.9843137254901961	0.9843137254901961	0.7568627450980392	-0.1686274509803921	-1.0	-1.0	-1.0	-1.0	-1.0	-0.07450980392156858	0.30980392156862746	0.9450980392156862	0.9843137254901961	0.9843137254901961	0.9843137254901961	0.9843137254901961	0.4039215686274509	-1.0	-1.0	-1.0	-1.0	
-1.0	-1.0	-1.0	-1.0	-1.0	0.4901960784313726	0.9843137254901961	0.9843137254901961	0.9843137254901961	0.9843137254901961	0.7568627450980392	0.607843137254902	0.3647058823529412	-1.0	-1.0	0.607843137254902	0.7960784313725491	0.9843137254901961	0.9843137254901961	0.9843137254901961	0.9843137254901961	0.9843137254901961	0.803921568627451	-0.0980392156862745	-1.0	-1.0	-1.0	-1.0	
-1.0	-1.0	-1.0	-1.0	-1.0	0.03529411764705892	0.9843137254901961	0.9843137254901961	0.9843137254901961	0.9843137254901961	0.9843137254901961	0.9843137254901961	0.9450980392156862	0.8509803921568628	0.8509803921568628	0.9921568627450981	0.9843137254901961	0.9843137254901961	0.9843137254901961	0.9843137254901961	0.9843137254901961	0.9294117647058824	-0.2941176470588235	-1.0	-1.0	-1.0	-1.0	-1.0	
-1.0	-1.0	-1.0	-1.0	-1.0	-0.1215686274509804	0.8352941176470587	0.9843137254901961	0.9843137254901961	0.9843137254901961	0.9843137254901961	0.9843137254901961	0.9843137254901961	0.9843137254901961	0.9843137254901961	0.9921568627450981	0.9843137254901961	0.9843137254901961	0.9843137254901961	0.9843137254901961	0.803921568627451	0.6235294117647059	-1.0	-1.0	-1.0	-1.0	-1.0	-1.0	
-1.0	-1.0	-1.0	-1.0	-1.0	-1.0	-0.0039215686274509665	0.4039215686274509	0.9529411764705882	0.9843137254901961	0.9843137254901961	0.9843137254901961	0.9843137254901961	0.9843137254901961	0.9843137254901961	0.9921568627450981	0.9843137254901961	0.9843137254901961	0.9058823529411764	0.4039215686274509	-0.0980392156862745	-1.0	-1.0	-1.0	-1.0	-1.0	-1.0	-1.0	
-1.0	-1.0	-1.0	-1.0	-1.0	-1.0	-1.0	-1.0	-0.0117647058823529	0.019607843137254832	0.7019607843137254	0.9843137254901961	0.9843137254901961	0.9843137254901961	0.9843137254901961	0.9921568627450981	0.9843137254901961	0.41176470588235303	-0.05882352941176472	-1.0	-1.0	-1.0	-1.0	-1.0	-1.0	-1.0	-1.0	-1.0	
-1.0	-1.0	-1.0	-1.0	-1.0	-1.0	-1.0	-1.0	-1.0	-1.0	-1.0	-1.0	-1.0	-1.0	-1.0	-1.0	-1.0	-1.0	-1.0	-1.0	-1.0	-1.0	-1.0	-1.0	-1.0	-1.0	-1.0	-1.0	
-1.0	-1.0	-1.0	-1.0	-1.0	-1.0	-1.0	-1.0	-1.0	-1.0	-1.0	-1.0	-1.0	-1.0	-1.0	-1.0	-1.0	-1.0	-1.0	-1.0	-1.0	-1.0	-1.0	-1.0	-1.0	-1.0	-1.0	-1.0	
-1.0	-1.0	-1.0	-1.0	-1.0	-1.0	-1.0	-1.0	-1.0	-1.0	-1.0	-1.0	-1.0	-1.0	-1.0	-1.0	-1.0	-1.0	-1.0	-1.0	-1.0	-1.0	-1.0	-1.0	-1.0	-1.0	-1.0	-1.0	
-1.0	-1.0	-1.0	-1.0	-1.0	-1.0	-1.0	-1.0	-1.0	-1.0	-1.0	-1.0	-1.0	-1.0	-1.0	-1.0	-1.0	-1.0	-1.0	-1.0	-1.0	-1.0	-1.0	-1.0	-1.0	-1.0	-1.0	-1.0	
-1.0	-1.0	-1.0	-1.0	-1.0	-1.0	-1.0	-1.0	-1.0	-1.0	-1.0	-1.0	-1.0	-1.0	-1.0	-1.0	-1.0	-1.0	-1.0	-1.0	-1.0	-1.0	-1.0	-1.0	-1.0	-1.0	-1.0	-1.0	
