0 0 1 0 0 0 0 0 0 0 

-1.0	-1.0	-1.0	-1.0	-1.0	-1.0	-1.0	-1.0	-1.0	-1.0	-1.0	-1.0	-1.0	-1.0	-1.0	-1.0	-1.0	-1.0	-1.0	-1.0	-1.0	-1.0	-1.0	-1.0	-1.0	-1.0	-1.0	-1.0	
-1.0	-1.0	-1.0	-1.0	-1.0	-1.0	-1.0	-1.0	-1.0	-1.0	-1.0	-1.0	-1.0	-1.0	-1.0	-1.0	-1.0	-1.0	-1.0	-1.0	-1.0	-1.0	-1.0	-1.0	-1.0	-1.0	-1.0	-1.0	
-1.0	-1.0	-1.0	-1.0	-1.0	-1.0	-1.0	-1.0	-1.0	-1.0	-1.0	-1.0	-1.0	-1.0	-1.0	-1.0	-1.0	-1.0	-1.0	-1.0	-1.0	-1.0	-1.0	-1.0	-1.0	-1.0	-1.0	-1.0	
-1.0	-1.0	-1.0	-1.0	-1.0	-1.0	-1.0	-1.0	-1.0	-1.0	-1.0	-1.0	-1.0	-1.0	-1.0	-1.0	-1.0	-1.0	-1.0	-1.0	-1.0	-1.0	-1.0	-1.0	-1.0	-1.0	-1.0	-1.0	
-1.0	-1.0	-1.0	-1.0	-1.0	-1.0	-1.0	-1.0	-1.0	-1.0	-1.0	-1.0	0.21568627450980382	0.2941176470588236	0.607843137254902	0.9921568627450981	0.9921568627450981	0.9921568627450981	0.5921568627450979	0.04313725490196085	-1.0	-1.0	-1.0	-1.0	-1.0	-1.0	-1.0	-1.0	
-1.0	-1.0	-1.0	-1.0	-1.0	-1.0	-1.0	-1.0	-1.0	-1.0	0.5450980392156863	0.7568627450980392	0.9607843137254901	0.9843137254901961	0.9921568627450981	0.9843137254901961	0.9843137254901961	0.9843137254901961	0.9843137254901961	0.9137254901960785	0.6705882352941177	-0.44313725490196076	-1.0	-1.0	-1.0	-1.0	-1.0	-1.0	
-1.0	-1.0	-1.0	-1.0	-1.0	-1.0	-1.0	-1.0	-1.0	-0.05882352941176472	0.8745098039215686	0.9843137254901961	0.9843137254901961	0.9843137254901961	0.9921568627450981	0.9843137254901961	0.9843137254901961	0.9843137254901961	0.9843137254901961	0.9921568627450981	0.9843137254901961	0.46666666666666656	-1.0	-1.0	-1.0	-1.0	-1.0	-1.0	
-1.0	-1.0	-1.0	-1.0	-1.0	-1.0	-1.0	-1.0	-0.13725490196078427	0.9294117647058824	0.9843137254901961	0.9843137254901961	0.9843137254901961	0.9843137254901961	0.7490196078431373	0.7490196078431373	0.7490196078431373	0.8117647058823529	0.9843137254901961	0.9921568627450981	0.9843137254901961	0.9294117647058824	-0.2784313725490196	-1.0	-1.0	-1.0	-1.0	-1.0	
-1.0	-1.0	-1.0	-1.0	-1.0	-1.0	-1.0	0.5294117647058822	0.41960784313725497	0.9921568627450981	0.9843137254901961	0.9843137254901961	0.39607843137254894	0.2784313725490195	-1.0	-1.0	-1.0	-0.3254901960784313	0.7725490196078431	0.9921568627450981	0.9843137254901961	0.9843137254901961	-0.2313725490196078	-1.0	-1.0	-1.0	-1.0	-1.0	
-1.0	-1.0	-1.0	-1.0	-1.0	-1.0	-1.0	-1.0	-1.0	-1.0	-1.0	-1.0	-1.0	-1.0	-1.0	-1.0	-1.0	-0.3254901960784313	0.7725490196078431	1.0	0.9921568627450981	0.9921568627450981	-0.2313725490196078	-1.0	-1.0	-1.0	-1.0	-1.0	
-1.0	-1.0	-1.0	-1.0	-1.0	-1.0	-1.0	-1.0	-1.0	-1.0	-1.0	-1.0	-1.0	-1.0	-1.0	-1.0	-1.0	0.21568627450980382	0.9843137254901961	0.9921568627450981	0.9843137254901961	0.9294117647058824	-0.2784313725490196	-1.0	-1.0	-1.0	-1.0	-1.0	
-1.0	-1.0	-1.0	-1.0	-1.0	-1.0	-1.0	-1.0	-1.0	-1.0	-1.0	-1.0	-1.0	-1.0	-1.0	-1.0	0.07450980392156858	0.9294117647058824	0.9843137254901961	0.9921568627450981	0.9843137254901961	0.46666666666666656	-1.0	-1.0	-1.0	-1.0	-1.0	-1.0	
-1.0	-1.0	-1.0	-1.0	-1.0	-1.0	-1.0	-1.0	-1.0	-1.0	-1.0	-1.0	-1.0	-1.0	0.07450980392156858	0.7254901960784315	0.9294117647058824	0.9843137254901961	0.9843137254901961	0.9921568627450981	0.7333333333333334	-0.45882352941176474	-1.0	-1.0	-1.0	-1.0	-1.0	-1.0	
-1.0	-1.0	-1.0	-1.0	-1.0	-1.0	-1.0	-1.0	-1.0	-1.0	-1.0	-1.0	-1.0	-1.0	0.9921568627450981	0.9843137254901961	0.9843137254901961	0.9843137254901961	0.9843137254901961	0.7725490196078431	-0.33333333333333337	-1.0	-1.0	-1.0	-1.0	-1.0	-1.0	-1.0	
-1.0	-1.0	-1.0	-1.0	-1.0	-1.0	-1.0	-1.0	-1.0	-1.0	-1.0	-1.0	0.4509803921568627	0.9921568627450981	1.0	0.9921568627450981	0.9921568627450981	0.9058823529411764	0.615686274509804	-1.0	-1.0	-1.0	-1.0	-1.0	-1.0	-1.0	-1.0	-1.0	
-1.0	-1.0	-1.0	-1.0	-1.0	-1.0	-1.0	-1.0	-1.0	-1.0	-0.0980392156862745	0.7568627450980392	0.9607843137254901	0.9843137254901961	0.9921568627450981	0.968627450980392	0.8745098039215686	0.09019607843137245	-1.0	-1.0	-1.0	-1.0	-1.0	-1.0	-1.0	-1.0	-1.0	-1.0	
-1.0	-1.0	-1.0	-1.0	-1.0	-1.0	-1.0	-1.0	-1.0	-0.05882352941176472	0.8745098039215686	0.9843137254901961	0.9843137254901961	0.9843137254901961	0.9921568627450981	0.5372549019607844	-1.0	-1.0	-1.0	-1.0	0.2941176470588236	0.46666666666666656	0.46666666666666656	-0.05882352941176472	-1.0	-1.0	-1.0	-1.0	
-1.0	-1.0	-1.0	-1.0	-1.0	-1.0	-0.22352941176470587	0.07450980392156858	0.6392156862745098	0.9294117647058824	0.9843137254901961	0.9843137254901961	0.9843137254901961	0.9843137254901961	-0.2313725490196078	-0.607843137254902	-1.0	-1.0	-0.13725490196078427	0.4509803921568627	0.9607843137254901	0.9843137254901961	0.9843137254901961	0.2784313725490195	-1.0	-1.0	-1.0	-1.0	
-1.0	-1.0	-1.0	-1.0	-1.0	-1.0	0.46666666666666656	0.9843137254901961	0.9843137254901961	0.9921568627450981	0.9843137254901961	0.9843137254901961	0.8431372549019607	0.2784313725490195	0.04313725490196085	0.5215686274509803	-1.0	0.5294117647058822	0.8666666666666667	0.9921568627450981	0.9843137254901961	0.9843137254901961	0.8431372549019607	-0.1843137254901961	-1.0	-1.0	-1.0	-1.0	
-1.0	-1.0	-1.0	-1.0	-0.17647058823529416	0.8509803921568628	0.9921568627450981	0.9921568627450981	0.9921568627450981	1.0	0.9921568627450981	0.9921568627450981	0.9921568627450981	0.9921568627450981	1.0	0.9921568627450981	0.9921568627450981	0.9921568627450981	0.9921568627450981	1.0	0.9921568627450981	0.46666666666666656	-1.0	-1.0	-1.0	-1.0	-1.0	-1.0	
-1.0	-1.0	-1.0	-1.0	0.7725490196078431	0.9843137254901961	0.9843137254901961	0.9843137254901961	0.9843137254901961	0.9921568627450981	0.9843137254901961	0.9843137254901961	0.9843137254901961	0.9843137254901961	0.9921568627450981	0.9843137254901961	0.9843137254901961	0.9843137254901961	0.9843137254901961	0.8745098039215686	0.3254901960784313	-0.2313725490196078	-1.0	-1.0	-1.0	-1.0	-1.0	-1.0	
-1.0	-1.0	-1.0	-1.0	0.2941176470588236	0.9843137254901961	0.9843137254901961	0.9843137254901961	0.9843137254901961	0.9921568627450981	0.9843137254901961	0.9843137254901961	0.9843137254901961	0.9843137254901961	0.9921568627450981	0.9843137254901961	0.9843137254901961	0.8666666666666667	0.46666666666666656	-1.0	-1.0	-1.0	-1.0	-1.0	-1.0	-1.0	-1.0	-1.0	
-1.0	-1.0	-1.0	-1.0	0.2941176470588236	0.9843137254901961	0.9843137254901961	0.9843137254901961	0.9843137254901961	0.9921568627450981	0.9843137254901961	0.9843137254901961	0.780392156862745	0.7490196078431373	0.7490196078431373	0.6627450980392158	-0.2313725490196078	-0.33333333333333337	-1.0	-1.0	-1.0	-1.0	-1.0	-1.0	-1.0	-1.0	-1.0	-1.0	
-1.0	-1.0	-1.0	-1.0	-0.17647058823529416	0.2784313725490195	0.6862745098039216	0.9843137254901961	0.9843137254901961	0.28627450980392166	0.2784313725490195	0.2784313725490195	-0.5215686274509803	-1.0	-1.0	-1.0	-1.0	-1.0	-1.0	-1.0	-1.0	-1.0	-1.0	-1.0	-1.0	-1.0	-1.0	-1.0	
-1.0	-1.0	-1.0	-1.0	-1.0	-1.0	-1.0	-1.0	-1.0	-1.0	-1.0	-1.0	-1.0	-1.0	-1.0	-1.0	-1.0	-1.0	-1.0	-1.0	-1.0	-1.0	-1.0	-1.0	-1.0	-1.0	-1.0	-1.0	
-1.0	-1.0	-1.0	-1.0	-1.0	-1.0	-1.0	-1.0	-1.0	-1.0	-1.0	-1.0	-1.0	-1.0	-1.0	-1.0	-1.0	-1.0	-1.0	-1.0	-1.0	-1.0	-1.0	-1.0	-1.0	-1.0	-1.0	-1.0	
-1.0	-1.0	-1.0	-1.0	-1.0	-1.0	-1.0	-1.0	-1.0	-1.0	-1.0	-1.0	-1.0	-1.0	-1.0	-1.0	-1.0	-1.0	-1.0	-1.0	-1.0	-1.0	-1.0	-1.0	-1.0	-1.0	-1.0	-1.0	
-1.0	-1.0	-1.0	-1.0	-1.0	-1.0	-1.0	-1.0	-1.0	-1.0	-1.0	-1.0	-1.0	-1.0	-1.0	-1.0	-1.0	-1.0	-1.0	-1.0	-1.0	-1.0	-1.0	-1.0	-1.0	-1.0	-1.0	-1.0	
