0 0 0 0 1 0 0 0 0 0 

-1.0	-1.0	-1.0	-1.0	-1.0	-1.0	-1.0	-1.0	-1.0	-1.0	-1.0	-1.0	-1.0	-1.0	-1.0	-1.0	-1.0	-1.0	-1.0	-1.0	-1.0	-1.0	-1.0	-1.0	-1.0	-1.0	-1.0	-1.0	
-1.0	-1.0	-1.0	-1.0	-1.0	-1.0	-1.0	-1.0	-1.0	-1.0	-1.0	-1.0	-1.0	-1.0	-1.0	-1.0	-1.0	-1.0	-1.0	-1.0	-1.0	-1.0	-1.0	-1.0	-1.0	-1.0	-1.0	-1.0	
-1.0	-1.0	-1.0	-1.0	-1.0	-1.0	-1.0	-1.0	-1.0	-1.0	-1.0	-1.0	-1.0	-1.0	-1.0	-1.0	-1.0	-1.0	-1.0	-1.0	-1.0	-1.0	-1.0	-1.0	-1.0	-1.0	-1.0	-1.0	
-1.0	-1.0	-1.0	-1.0	-1.0	-1.0	-1.0	-1.0	-1.0	-1.0	-1.0	-1.0	-1.0	-1.0	-1.0	-1.0	-1.0	-1.0	-1.0	-1.0	-1.0	-1.0	-1.0	-1.0	-1.0	-1.0	-1.0	-1.0	
-1.0	-1.0	-1.0	-1.0	-1.0	-1.0	-1.0	-1.0	-1.0	-1.0	-1.0	-1.0	-1.0	-1.0	-1.0	-1.0	-1.0	-1.0	-1.0	-1.0	-1.0	-1.0	-1.0	-1.0	-1.0	-1.0	-1.0	-1.0	
-1.0	-1.0	-1.0	-1.0	-1.0	-1.0	-1.0	-1.0	-1.0	-1.0	-1.0	-1.0	-1.0	-1.0	-1.0	-1.0	-1.0	-1.0	-1.0	-1.0	-1.0	-1.0	-1.0	-1.0	-1.0	-1.0	-1.0	-1.0	
-1.0	-1.0	-1.0	-1.0	-1.0	-1.0	-1.0	-1.0	-1.0	-1.0	-1.0	-1.0	-1.0	-1.0	-1.0	-1.0	-1.0	-0.34901960784313724	0.8196078431372549	0.9764705882352942	0.607843137254902	-1.0	-1.0	-1.0	-1.0	-1.0	-1.0	-1.0	
-1.0	-1.0	-1.0	-1.0	-1.0	-1.0	-1.0	-1.0	-1.0	-1.0	-1.0	-1.0	-1.0	-1.0	-1.0	-1.0	-1.0	0.6784313725490196	1.0	1.0	0.9921568627450981	0.30980392156862746	-1.0	-1.0	-1.0	-1.0	-1.0	-1.0	
-1.0	-1.0	-1.0	-1.0	-1.0	-1.0	-1.0	-0.07450980392156858	0.34901960784313735	-0.5372549019607843	-1.0	-1.0	-1.0	-1.0	-1.0	-1.0	-1.0	0.4509803921568627	1.0	1.0	0.9529411764705882	-0.027450980392156876	-1.0	-1.0	-1.0	-1.0	-1.0	-1.0	
-1.0	-1.0	-1.0	-1.0	-1.0	-1.0	-0.07450980392156858	0.9294117647058824	1.0	0.9215686274509804	-0.2549019607843137	-1.0	-1.0	-1.0	-1.0	-1.0	-1.0	-0.07450980392156858	1.0	1.0	0.9137254901960785	-0.5372549019607843	-1.0	-1.0	-1.0	-1.0	-1.0	-1.0	
-1.0	-1.0	-1.0	-1.0	-1.0	-1.0	0.9215686274509804	1.0	1.0	1.0	-0.22352941176470587	-1.0	-1.0	-1.0	-1.0	-1.0	-1.0	0.6313725490196078	1.0	1.0	0.9058823529411764	-1.0	-1.0	-1.0	-1.0	-1.0	-1.0	-1.0	
-1.0	-1.0	-1.0	-1.0	-1.0	0.8666666666666667	0.9921568627450981	1.0	1.0	0.6784313725490196	-0.7019607843137254	-1.0	-1.0	-1.0	-1.0	-1.0	-0.08235294117647063	0.9607843137254901	1.0	1.0	0.41176470588235303	-1.0	-1.0	-1.0	-1.0	-1.0	-1.0	-1.0	
-1.0	-1.0	-1.0	-1.0	-1.0	1.0	1.0	1.0	1.0	0.607843137254902	-1.0	-1.0	-0.30980392156862746	0.1843137254901961	0.1843137254901961	0.37254901960784315	0.8666666666666667	1.0	1.0	1.0	0.8980392156862744	0.8352941176470587	0.5137254901960784	-0.17647058823529416	-1.0	-1.0	-1.0	-1.0	
-1.0	-1.0	-1.0	-1.0	-1.0	1.0	1.0	1.0	1.0	0.9294117647058824	0.8117647058823529	0.8117647058823529	0.8666666666666667	1.0	1.0	1.0	1.0	1.0	1.0	1.0	1.0	1.0	1.0	0.8980392156862744	0.5137254901960784	-1.0	-1.0	-1.0	
-1.0	-1.0	-1.0	-1.0	-1.0	1.0	1.0	1.0	1.0	1.0	1.0	1.0	1.0	1.0	1.0	1.0	1.0	1.0	1.0	1.0	1.0	1.0	1.0	1.0	0.8745098039215686	-1.0	-1.0	-1.0	
-1.0	-1.0	-1.0	-1.0	-1.0	1.0	1.0	1.0	1.0	1.0	1.0	1.0	1.0	1.0	1.0	1.0	1.0	1.0	1.0	0.968627450980392	0.39607843137254894	0.08235294117647052	0.08235294117647052	0.08235294117647052	-0.22352941176470587	-1.0	-1.0	-1.0	
-1.0	-1.0	-1.0	-1.0	-1.0	0.5137254901960784	0.8980392156862744	1.0	1.0	1.0	0.9294117647058824	0.803921568627451	0.6313725490196078	0.12941176470588234	0.12941176470588234	0.3254901960784313	0.9450980392156862	1.0	1.0	0.8745098039215686	-1.0	-1.0	-1.0	-1.0	-1.0	-1.0	-1.0	-1.0	
-1.0	-1.0	-1.0	-1.0	-1.0	-1.0	-0.17647058823529416	0.17647058823529416	0.17647058823529416	0.17647058823529416	-0.04313725490196074	-1.0	-1.0	-1.0	-1.0	-0.2313725490196078	0.8745098039215686	1.0	1.0	0.8823529411764706	-1.0	-1.0	-1.0	-1.0	-1.0	-1.0	-1.0	-1.0	
-1.0	-1.0	-1.0	-1.0	-1.0	-1.0	-1.0	-1.0	-1.0	-1.0	-1.0	-1.0	-1.0	-1.0	-1.0	-0.13725490196078427	0.9137254901960785	1.0	1.0	0.8745098039215686	-1.0	-1.0	-1.0	-1.0	-1.0	-1.0	-1.0	-1.0	
-1.0	-1.0	-1.0	-1.0	-1.0	-1.0	-1.0	-1.0	-1.0	-1.0	-1.0	-1.0	-1.0	-1.0	-0.584313725490196	0.5921568627450979	1.0	1.0	1.0	0.5215686274509803	-1.0	-1.0	-1.0	-1.0	-1.0	-1.0	-1.0	-1.0	
-1.0	-1.0	-1.0	-1.0	-1.0	-1.0	-1.0	-1.0	-1.0	-1.0	-1.0	-1.0	-1.0	-1.0	0.09019607843137245	1.0	1.0	1.0	0.9137254901960785	-0.1843137254901961	-1.0	-1.0	-1.0	-1.0	-1.0	-1.0	-1.0	-1.0	
-1.0	-1.0	-1.0	-1.0	-1.0	-1.0	-1.0	-1.0	-1.0	-1.0	-1.0	-1.0	-1.0	-1.0	0.4980392156862745	1.0	1.0	1.0	0.8588235294117648	-1.0	-1.0	-1.0	-1.0	-1.0	-1.0	-1.0	-1.0	-1.0	
-1.0	-1.0	-1.0	-1.0	-1.0	-1.0	-1.0	-1.0	-1.0	-1.0	-1.0	-1.0	-1.0	-1.0	0.09019607843137245	1.0	1.0	1.0	0.5372549019607844	-1.0	-1.0	-1.0	-1.0	-1.0	-1.0	-1.0	-1.0	-1.0	
-1.0	-1.0	-1.0	-1.0	-1.0	-1.0	-1.0	-1.0	-1.0	-1.0	-1.0	-1.0	-1.0	-1.0	-0.24705882352941178	0.41176470588235303	0.41176470588235303	0.41176470588235303	-0.14509803921568631	-1.0	-1.0	-1.0	-1.0	-1.0	-1.0	-1.0	-1.0	-1.0	
-1.0	-1.0	-1.0	-1.0	-1.0	-1.0	-1.0	-1.0	-1.0	-1.0	-1.0	-1.0	-1.0	-1.0	-1.0	-1.0	-1.0	-1.0	-1.0	-1.0	-1.0	-1.0	-1.0	-1.0	-1.0	-1.0	-1.0	-1.0	
-1.0	-1.0	-1.0	-1.0	-1.0	-1.0	-1.0	-1.0	-1.0	-1.0	-1.0	-1.0	-1.0	-1.0	-1.0	-1.0	-1.0	-1.0	-1.0	-1.0	-1.0	-1.0	-1.0	-1.0	-1.0	-1.0	-1.0	-1.0	
-1.0	-1.0	-1.0	-1.0	-1.0	-1.0	-1.0	-1.0	-1.0	-1.0	-1.0	-1.0	-1.0	-1.0	-1.0	-1.0	-1.0	-1.0	-1.0	-1.0	-1.0	-1.0	-1.0	-1.0	-1.0	-1.0	-1.0	-1.0	
-1.0	-1.0	-1.0	-1.0	-1.0	-1.0	-1.0	-1.0	-1.0	-1.0	-1.0	-1.0	-1.0	-1.0	-1.0	-1.0	-1.0	-1.0	-1.0	-1.0	-1.0	-1.0	-1.0	-1.0	-1.0	-1.0	-1.0	-1.0	
