0 0 0 0 0 0 0 0 1 0 

-1.0	-1.0	-1.0	-1.0	-1.0	-1.0	-1.0	-1.0	-1.0	-1.0	-1.0	-1.0	-1.0	-1.0	-1.0	-1.0	-1.0	-1.0	-1.0	-1.0	-1.0	-1.0	-1.0	-1.0	-1.0	-1.0	-1.0	-1.0	
-1.0	-1.0	-1.0	-1.0	-1.0	-1.0	-1.0	-1.0	-1.0	-1.0	-1.0	-1.0	-1.0	-1.0	-1.0	-1.0	-1.0	-1.0	-1.0	-1.0	-1.0	-1.0	-1.0	-1.0	-1.0	-1.0	-1.0	-1.0	
-1.0	-1.0	-1.0	-1.0	-1.0	-1.0	-1.0	-1.0	-1.0	-1.0	-1.0	-1.0	-1.0	-1.0	-1.0	-1.0	-1.0	-1.0	-1.0	-1.0	-1.0	-1.0	-1.0	-1.0	-1.0	-1.0	-1.0	-1.0	
-1.0	-1.0	-1.0	-1.0	-1.0	-1.0	-1.0	-1.0	-1.0	-1.0	-1.0	-1.0	-1.0	-1.0	-1.0	-1.0	-1.0	-1.0	-1.0	-1.0	-1.0	-1.0	-1.0	-1.0	-1.0	-1.0	-1.0	-1.0	
-1.0	-1.0	-1.0	-1.0	-1.0	-1.0	-1.0	-1.0	-1.0	-1.0	-1.0	-1.0	-1.0	-1.0	-1.0	-1.0	-1.0	-1.0	-1.0	-1.0	-1.0	-1.0	-1.0	-1.0	-1.0	-1.0	-1.0	-1.0	
-1.0	-1.0	-1.0	-1.0	-1.0	-1.0	-1.0	-1.0	-1.0	-1.0	-1.0	-1.0	-1.0	-1.0	-0.3803921568627451	0.07450980392156858	0.9294117647058824	1.0	0.5921568627450979	-0.6392156862745098	-1.0	-1.0	-1.0	-1.0	-1.0	-1.0	-1.0	-1.0	
-1.0	-1.0	-1.0	-1.0	-1.0	-1.0	-1.0	-1.0	-1.0	-1.0	-1.0	-1.0	-1.0	-0.2705882352941177	0.6627450980392158	0.9921568627450981	0.7647058823529411	0.9843137254901961	0.9921568627450981	-0.10588235294117643	-1.0	-1.0	-1.0	-1.0	-1.0	-1.0	-1.0	-1.0	
-1.0	-1.0	-1.0	-1.0	-1.0	-1.0	-1.0	-1.0	-1.0	-1.0	-1.0	-0.8980392156862745	0.1607843137254903	0.8431372549019607	0.9529411764705882	0.4039215686274509	-0.6705882352941177	0.9607843137254901	0.780392156862745	-0.6705882352941177	-1.0	-1.0	-1.0	-1.0	-1.0	-1.0	-1.0	-1.0	
-1.0	-1.0	-1.0	-1.0	-1.0	-1.0	-1.0	-1.0	-1.0	-1.0	-0.45882352941176474	0.5764705882352941	0.9921568627450981	0.8666666666666667	0.019607843137254832	-1.0	-0.4274509803921569	0.968627450980392	0.4509803921568627	-1.0	-1.0	-1.0	-1.0	-1.0	-1.0	-1.0	-1.0	-1.0	
-1.0	-1.0	-1.0	-1.0	-1.0	-1.0	-1.0	-1.0	-1.0	0.13725490196078427	0.8431372549019607	0.9764705882352942	0.5764705882352941	-0.48235294117647054	-1.0	-1.0	0.7098039215686274	0.9215686274509804	-0.3647058823529412	-1.0	-1.0	-1.0	-1.0	-1.0	-1.0	-1.0	-1.0	-1.0	
-1.0	-1.0	-1.0	-1.0	-1.0	-1.0	0.2549019607843137	0.8980392156862744	0.8980392156862744	0.9607843137254901	0.9921568627450981	0.30980392156862746	-1.0	-1.0	-1.0	-0.2549019607843137	0.9058823529411764	0.6941176470588235	-1.0	-1.0	-1.0	-1.0	-1.0	-1.0	-1.0	-1.0	-1.0	-1.0	
-1.0	-1.0	-1.0	-1.0	-1.0	-1.0	0.16862745098039222	0.9529411764705882	0.9921568627450981	0.9921568627450981	0.9921568627450981	0.968627450980392	0.5058823529411764	-0.5372549019607843	-0.7019607843137254	0.5450980392156863	0.9921568627450981	-0.019607843137254943	-1.0	-1.0	-1.0	-1.0	-1.0	-1.0	-1.0	-1.0	-1.0	-1.0	
-1.0	-1.0	-1.0	-1.0	-1.0	-1.0	-1.0	-0.0980392156862745	0.9215686274509804	0.7960784313725491	0.780392156862745	0.9921568627450981	0.9921568627450981	0.8274509803921568	0.3647058823529412	0.9921568627450981	0.9921568627450981	-0.5607843137254902	-1.0	-1.0	-1.0	-1.0	-1.0	-1.0	-1.0	-1.0	-1.0	-1.0	
-1.0	-1.0	-1.0	-1.0	-1.0	-1.0	-1.0	-0.1843137254901961	0.6862745098039216	-0.04313725490196074	-0.607843137254902	0.4745098039215687	0.9372549019607843	0.9843137254901961	0.9921568627450981	0.9921568627450981	0.3803921568627451	-0.8980392156862745	-1.0	-1.0	-1.0	-1.0	-1.0	-1.0	-1.0	-1.0	-1.0	-1.0	
-1.0	-1.0	-1.0	-1.0	-1.0	-1.0	-1.0	-1.0	-1.0	-1.0	-1.0	-1.0	-1.0	0.7960784313725491	0.9921568627450981	0.9921568627450981	0.12941176470588234	-1.0	-1.0	-1.0	-1.0	-1.0	-1.0	-1.0	-1.0	-1.0	-1.0	-1.0	
-1.0	-1.0	-1.0	-1.0	-1.0	-1.0	-1.0	-1.0	-1.0	-1.0	-1.0	-1.0	-1.0	0.7960784313725491	0.9921568627450981	0.9921568627450981	0.9215686274509804	-0.05882352941176472	-1.0	-1.0	-1.0	-1.0	-1.0	-1.0	-1.0	-1.0	-1.0	-1.0	
-1.0	-1.0	-1.0	-1.0	-1.0	-1.0	-1.0	-1.0	-1.0	-1.0	-1.0	-1.0	0.3568627450980393	0.9843137254901961	0.4901960784313726	0.41960784313725497	0.9921568627450981	0.6941176470588235	-0.6392156862745098	-1.0	-1.0	-1.0	-1.0	-1.0	-1.0	-1.0	-1.0	-1.0	
-1.0	-1.0	-1.0	-1.0	-1.0	-1.0	-1.0	-1.0	-1.0	-1.0	-1.0	-0.5372549019607843	0.8823529411764706	0.9215686274509804	-0.050980392156862786	-0.3647058823529412	0.4745098039215687	0.9843137254901961	0.19999999999999996	-1.0	-1.0	-1.0	-1.0	-1.0	-1.0	-1.0	-1.0	-1.0	
-1.0	-1.0	-1.0	-1.0	-1.0	-1.0	-1.0	-1.0	-1.0	-1.0	-1.0	0.03529411764705892	0.9921568627450981	0.4274509803921569	-1.0	-1.0	-1.0	0.9607843137254901	0.7725490196078431	-0.4274509803921569	-1.0	-1.0	-1.0	-1.0	-1.0	-1.0	-1.0	-1.0	
-1.0	-1.0	-1.0	-1.0	-1.0	-1.0	-1.0	-1.0	-1.0	-1.0	-1.0	0.45882352941176463	0.9921568627450981	-0.0039215686274509665	-1.0	-1.0	-1.0	0.4745098039215687	0.9921568627450981	-0.0039215686274509665	-1.0	-1.0	-1.0	-1.0	-1.0	-1.0	-1.0	-1.0	
-1.0	-1.0	-1.0	-1.0	-1.0	-1.0	-1.0	-1.0	-1.0	-1.0	-1.0	0.7882352941176471	0.8588235294117648	-0.4274509803921569	-1.0	-1.0	-1.0	-0.2705882352941177	0.9921568627450981	0.584313725490196	-1.0	-1.0	-1.0	-1.0	-1.0	-1.0	-1.0	-1.0	
-1.0	-1.0	-1.0	-1.0	-1.0	-1.0	-1.0	-1.0	-1.0	-1.0	-1.0	0.9215686274509804	0.7960784313725491	-1.0	-1.0	-1.0	-1.0	-0.2705882352941177	0.9921568627450981	0.3568627450980393	-1.0	-1.0	-1.0	-1.0	-1.0	-1.0	-1.0	-1.0	
-1.0	-1.0	-1.0	-1.0	-1.0	-1.0	-1.0	-1.0	-1.0	-1.0	-1.0	0.8666666666666667	0.9921568627450981	0.17647058823529416	-0.44313725490196076	-0.607843137254902	0.1607843137254903	0.7960784313725491	0.968627450980392	-0.1686274509803921	-1.0	-1.0	-1.0	-1.0	-1.0	-1.0	-1.0	-1.0	
-1.0	-1.0	-1.0	-1.0	-1.0	-1.0	-1.0	-1.0	-1.0	-1.0	-1.0	0.28627450980392166	0.9921568627450981	0.9921568627450981	0.8588235294117648	0.780392156862745	0.9921568627450981	0.8588235294117648	0.2549019607843137	-1.0	-1.0	-1.0	-1.0	-1.0	-1.0	-1.0	-1.0	-1.0	
-1.0	-1.0	-1.0	-1.0	-1.0	-1.0	-1.0	-1.0	-1.0	-1.0	-1.0	-0.7803921568627451	0.3568627450980393	0.9137254901960785	0.7882352941176471	0.5607843137254902	0.5607843137254902	-0.34901960784313724	-1.0	-1.0	-1.0	-1.0	-1.0	-1.0	-1.0	-1.0	-1.0	-1.0	
-1.0	-1.0	-1.0	-1.0	-1.0	-1.0	-1.0	-1.0	-1.0	-1.0	-1.0	-1.0	-1.0	-1.0	-1.0	-1.0	-1.0	-1.0	-1.0	-1.0	-1.0	-1.0	-1.0	-1.0	-1.0	-1.0	-1.0	-1.0	
-1.0	-1.0	-1.0	-1.0	-1.0	-1.0	-1.0	-1.0	-1.0	-1.0	-1.0	-1.0	-1.0	-1.0	-1.0	-1.0	-1.0	-1.0	-1.0	-1.0	-1.0	-1.0	-1.0	-1.0	-1.0	-1.0	-1.0	-1.0	
-1.0	-1.0	-1.0	-1.0	-1.0	-1.0	-1.0	-1.0	-1.0	-1.0	-1.0	-1.0	-1.0	-1.0	-1.0	-1.0	-1.0	-1.0	-1.0	-1.0	-1.0	-1.0	-1.0	-1.0	-1.0	-1.0	-1.0	-1.0	
