1 0 0 0 0 0 0 0 0 0 

-1.0	-1.0	-1.0	-1.0	-1.0	-1.0	-1.0	-1.0	-1.0	-1.0	-1.0	-1.0	-1.0	-1.0	-1.0	-1.0	-1.0	-1.0	-1.0	-1.0	-1.0	-1.0	-1.0	-1.0	-1.0	-1.0	-1.0	-1.0	
-1.0	-1.0	-1.0	-1.0	-1.0	-1.0	-1.0	-1.0	-1.0	-1.0	-1.0	-1.0	-1.0	-1.0	-1.0	-1.0	-1.0	-1.0	-1.0	-1.0	-1.0	-1.0	-1.0	-1.0	-1.0	-1.0	-1.0	-1.0	
-1.0	-1.0	-1.0	-1.0	-1.0	-1.0	-1.0	-1.0	-1.0	-1.0	-1.0	-1.0	-1.0	-1.0	-1.0	-1.0	-1.0	-1.0	-1.0	-1.0	-1.0	-1.0	-1.0	-1.0	-1.0	-1.0	-1.0	-1.0	
-1.0	-1.0	-1.0	-1.0	-1.0	-1.0	-1.0	-1.0	-1.0	-1.0	-1.0	-1.0	-1.0	-1.0	-1.0	-1.0	-1.0	-1.0	-1.0	-1.0	-1.0	-1.0	-1.0	-1.0	-1.0	-1.0	-1.0	-1.0	
-1.0	-1.0	-1.0	-1.0	-1.0	-1.0	-1.0	-1.0	-1.0	-1.0	-1.0	-1.0	-1.0	-1.0	-0.0039215686274509665	0.9372549019607843	1.0	0.803921568627451	0.9137254901960785	0.17647058823529416	-1.0	-1.0	-1.0	-1.0	-1.0	-1.0	-1.0	-1.0	
-1.0	-1.0	-1.0	-1.0	-1.0	-1.0	-1.0	-1.0	-1.0	-1.0	-1.0	-1.0	-1.0	-1.0	-0.30980392156862746	0.8666666666666667	1.0	1.0	0.9372549019607843	0.0117647058823529	-1.0	-1.0	-1.0	-1.0	-1.0	-1.0	-1.0	-1.0	
-1.0	-1.0	-1.0	-1.0	-1.0	-1.0	-1.0	-1.0	-1.0	-1.0	-1.0	-1.0	-1.0	-1.0	0.7568627450980392	1.0	1.0	1.0	0.8823529411764706	0.09019607843137245	-1.0	-1.0	-1.0	-1.0	-1.0	-1.0	-1.0	-1.0	
-1.0	-1.0	-1.0	-1.0	-1.0	-1.0	-1.0	-1.0	-1.0	-1.0	-1.0	-1.0	-0.5215686274509803	0.8745098039215686	0.9921568627450981	1.0	1.0	1.0	1.0	0.9921568627450981	0.33333333333333326	-1.0	-1.0	-1.0	-1.0	-1.0	-1.0	-1.0	
-1.0	-1.0	-1.0	-1.0	-1.0	-1.0	-1.0	-1.0	-1.0	-1.0	-1.0	-0.6705882352941177	0.584313725490196	1.0	1.0	0.9607843137254901	0.5058823529411764	-0.0039215686274509665	0.8745098039215686	1.0	0.8666666666666667	-0.6705882352941177	-1.0	-1.0	-1.0	-1.0	-1.0	-1.0	
-1.0	-1.0	-1.0	-1.0	-1.0	-1.0	-1.0	-1.0	-1.0	-1.0	-1.0	0.2313725490196079	1.0	1.0	0.9372549019607843	0.03529411764705892	-1.0	-1.0	0.1215686274509804	0.8901960784313725	1.0	0.2549019607843137	-1.0	-1.0	-1.0	-1.0	-1.0	-1.0	
-1.0	-1.0	-1.0	-1.0	-1.0	-1.0	-1.0	-1.0	-1.0	-1.0	-0.39607843137254906	0.8274509803921568	1.0	1.0	0.4980392156862745	-1.0	-1.0	-1.0	-1.0	0.1607843137254903	1.0	0.8352941176470587	-1.0	-1.0	-1.0	-1.0	-1.0	-1.0	
-1.0	-1.0	-1.0	-1.0	-1.0	-1.0	-1.0	-1.0	-1.0	-0.8274509803921568	0.6784313725490196	1.0	1.0	1.0	0.8352941176470587	-0.4117647058823529	-1.0	-1.0	-1.0	-0.13725490196078427	0.9607843137254901	0.9764705882352942	-1.0	-1.0	-1.0	-1.0	-1.0	-1.0	
-1.0	-1.0	-1.0	-1.0	-1.0	-1.0	-1.0	-1.0	-1.0	0.2705882352941176	1.0	1.0	0.8352941176470587	0.16862745098039222	-0.7019607843137254	-1.0	-1.0	-1.0	-1.0	-1.0	0.9137254901960785	0.9764705882352942	-1.0	-1.0	-1.0	-1.0	-1.0	-1.0	
-1.0	-1.0	-1.0	-1.0	-1.0	-1.0	-1.0	-1.0	-1.0	0.5215686274509803	1.0	0.9607843137254901	0.1607843137254903	-1.0	-1.0	-1.0	-1.0	-1.0	-1.0	-1.0	0.9137254901960785	0.9764705882352942	-1.0	-1.0	-1.0	-1.0	-1.0	-1.0	
-1.0	-1.0	-1.0	-1.0	-1.0	-1.0	-1.0	-1.0	-1.0	0.8588235294117648	1.0	0.780392156862745	-1.0	-1.0	-1.0	-1.0	-1.0	-1.0	-1.0	0.03529411764705892	0.9764705882352942	0.9764705882352942	-1.0	-1.0	-1.0	-1.0	-1.0	-1.0	
-1.0	-1.0	-1.0	-1.0	-1.0	-1.0	-1.0	-1.0	-0.13725490196078427	0.9529411764705882	1.0	0.1607843137254903	-1.0	-1.0	-1.0	-1.0	-1.0	-1.0	-1.0	0.1450980392156862	1.0	0.9764705882352942	-1.0	-1.0	-1.0	-1.0	-1.0	-1.0	
-1.0	-1.0	-1.0	-1.0	-1.0	-1.0	-1.0	-1.0	0.5686274509803921	1.0	0.6862745098039216	-0.8980392156862745	-1.0	-1.0	-1.0	-1.0	-1.0	-1.0	-0.34901960784313724	0.8274509803921568	0.968627450980392	0.30980392156862746	-1.0	-1.0	-1.0	-1.0	-1.0	-1.0	
-1.0	-1.0	-1.0	-1.0	-1.0	-1.0	-1.0	-1.0	0.5921568627450979	1.0	0.4745098039215687	-1.0	-1.0	-1.0	-1.0	-1.0	-1.0	-0.8274509803921568	0.5686274509803921	1.0	0.6941176470588235	-1.0	-1.0	-1.0	-1.0	-1.0	-1.0	-1.0	
-1.0	-1.0	-1.0	-1.0	-1.0	-1.0	-1.0	-1.0	0.8666666666666667	0.9372549019607843	-0.30980392156862746	-1.0	-1.0	-1.0	-1.0	-1.0	-1.0	0.5058823529411764	1.0	0.9215686274509804	-0.050980392156862786	-1.0	-1.0	-1.0	-1.0	-1.0	-1.0	-1.0	
-1.0	-1.0	-1.0	-1.0	-1.0	-1.0	-1.0	0.21568627450980382	0.9921568627450981	0.9058823529411764	-1.0	-1.0	-1.0	-1.0	-1.0	-0.7803921568627451	0.4980392156862745	0.9921568627450981	0.9294117647058824	0.2313725490196079	-1.0	-1.0	-1.0	-1.0	-1.0	-1.0	-1.0	-1.0	
-1.0	-1.0	-1.0	-1.0	-1.0	-1.0	-1.0	0.2705882352941176	1.0	0.9764705882352942	0.0117647058823529	-1.0	-1.0	-0.8274509803921568	0.2941176470588236	0.7254901960784315	1.0	0.9843137254901961	0.37254901960784315	-1.0	-1.0	-1.0	-1.0	-1.0	-1.0	-1.0	-1.0	-1.0	
-1.0	-1.0	-1.0	-1.0	-1.0	-1.0	-1.0	0.2705882352941176	1.0	1.0	0.3019607843137255	-1.0	-0.15294117647058825	0.7647058823529411	1.0	1.0	0.9215686274509804	-0.05882352941176472	-1.0	-1.0	-1.0	-1.0	-1.0	-1.0	-1.0	-1.0	-1.0	-1.0	
-1.0	-1.0	-1.0	-1.0	-1.0	-1.0	-1.0	-0.5372549019607843	0.9372549019607843	1.0	0.9607843137254901	0.8980392156862744	0.9372549019607843	1.0	1.0	0.8745098039215686	-0.027450980392156876	-1.0	-1.0	-1.0	-1.0	-1.0	-1.0	-1.0	-1.0	-1.0	-1.0	-1.0	
-1.0	-1.0	-1.0	-1.0	-1.0	-1.0	-1.0	-1.0	0.2941176470588236	0.9450980392156862	1.0	1.0	1.0	1.0	0.5529411764705883	-0.5215686274509803	-1.0	-1.0	-1.0	-1.0	-1.0	-1.0	-1.0	-1.0	-1.0	-1.0	-1.0	-1.0	
-1.0	-1.0	-1.0	-1.0	-1.0	-1.0	-1.0	-1.0	-1.0	-1.0	-1.0	-1.0	-1.0	-1.0	-1.0	-1.0	-1.0	-1.0	-1.0	-1.0	-1.0	-1.0	-1.0	-1.0	-1.0	-1.0	-1.0	-1.0	
-1.0	-1.0	-1.0	-1.0	-1.0	-1.0	-1.0	-1.0	-1.0	-1.0	-1.0	-1.0	-1.0	-1.0	-1.0	-1.0	-1.0	-1.0	-1.0	-1.0	-1.0	-1.0	-1.0	-1.0	-1.0	-1.0	-1.0	-1.0	
-1.0	-1.0	-1.0	-1.0	-1.0	-1.0	-1.0	-1.0	-1.0	-1.0	-1.0	-1.0	-1.0	-1.0	-1.0	-1.0	-1.0	-1.0	-1.0	-1.0	-1.0	-1.0	-1.0	-1.0	-1.0	-1.0	-1.0	-1.0	
-1.0	-1.0	-1.0	-1.0	-1.0	-1.0	-1.0	-1.0	-1.0	-1.0	-1.0	-1.0	-1.0	-1.0	-1.0	-1.0	-1.0	-1.0	-1.0	-1.0	-1.0	-1.0	-1.0	-1.0	-1.0	-1.0	-1.0	-1.0	
