0 0 0 0 0 0 0 0 1 0 

-1.0	-1.0	-1.0	-1.0	-1.0	-1.0	-1.0	-1.0	-1.0	-1.0	-1.0	-1.0	-1.0	-1.0	-1.0	-1.0	-1.0	-1.0	-1.0	-1.0	-1.0	-1.0	-1.0	-1.0	-1.0	-1.0	-1.0	-1.0	
-1.0	-1.0	-1.0	-1.0	-1.0	-1.0	-1.0	-1.0	-1.0	-1.0	-1.0	-1.0	-1.0	-1.0	-1.0	-1.0	-1.0	-1.0	-1.0	-1.0	-1.0	-1.0	-1.0	-1.0	-1.0	-1.0	-1.0	-1.0	
-1.0	-1.0	-1.0	-1.0	-1.0	-1.0	-1.0	-1.0	-1.0	-1.0	-1.0	-1.0	-1.0	-1.0	-1.0	-1.0	-1.0	-1.0	-1.0	-1.0	-1.0	-1.0	-1.0	-1.0	-1.0	-1.0	-1.0	-1.0	
-1.0	-1.0	-1.0	-1.0	-1.0	-1.0	-1.0	-1.0	-1.0	-1.0	-1.0	-1.0	-1.0	-1.0	-1.0	-1.0	-1.0	-1.0	-1.0	-1.0	-1.0	-1.0	-1.0	-1.0	-1.0	-1.0	-1.0	-1.0	
-1.0	-1.0	-1.0	-1.0	-1.0	-1.0	-1.0	-1.0	-1.0	-1.0	-1.0	-1.0	-1.0	-1.0	-1.0	-1.0	-1.0	-1.0	-1.0	-1.0	-1.0	-1.0	-1.0	-1.0	-1.0	-1.0	-1.0	-1.0	
-1.0	-1.0	-1.0	-1.0	-1.0	-1.0	-1.0	-1.0	-1.0	-1.0	-0.6392156862745098	0.41176470588235303	0.9529411764705882	1.0	0.9921568627450981	0.8588235294117648	0.26274509803921564	0.5372549019607844	0.7568627450980392	0.5372549019607844	-0.2705882352941177	-1.0	-1.0	-1.0	-1.0	-1.0	-1.0	-1.0	
-1.0	-1.0	-1.0	-1.0	-1.0	-1.0	-1.0	-1.0	-1.0	-0.6392156862745098	0.584313725490196	0.9921568627450981	0.9921568627450981	0.9921568627450981	0.9921568627450981	0.9921568627450981	0.9921568627450981	0.9921568627450981	0.9921568627450981	0.9921568627450981	0.8588235294117648	-1.0	-1.0	-1.0	-1.0	-1.0	-1.0	-1.0	
-1.0	-1.0	-1.0	-1.0	-1.0	-1.0	-1.0	-1.0	-1.0	0.6000000000000001	0.9921568627450981	0.9921568627450981	0.8509803921568628	0.0117647058823529	0.0117647058823529	0.6784313725490196	0.9921568627450981	0.9921568627450981	0.9921568627450981	0.9921568627450981	0.9921568627450981	0.24705882352941178	-1.0	-1.0	-1.0	-1.0	-1.0	-1.0	
-1.0	-1.0	-1.0	-1.0	-1.0	-1.0	-1.0	-1.0	-1.0	0.9921568627450981	0.9921568627450981	0.8509803921568628	-0.2705882352941177	-1.0	-1.0	-0.06666666666666665	0.9450980392156862	0.9921568627450981	0.9921568627450981	0.9921568627450981	0.9921568627450981	0.39607843137254894	-1.0	-1.0	-1.0	-1.0	-1.0	-1.0	
-1.0	-1.0	-1.0	-1.0	-1.0	-1.0	-1.0	-1.0	0.46666666666666656	1.0	0.9921568627450981	0.0117647058823529	-1.0	-1.0	-1.0	-1.0	0.584313725490196	-1.0	0.6705882352941177	0.9921568627450981	0.9921568627450981	0.3254901960784313	-1.0	-1.0	-1.0	-1.0	-1.0	-1.0	
-1.0	-1.0	-1.0	-1.0	-1.0	-1.0	-1.0	-1.0	0.8901960784313725	0.9921568627450981	0.9921568627450981	0.0117647058823529	-1.0	-1.0	-0.15294117647058825	0.019607843137254832	0.019607843137254832	0.019607843137254832	0.7411764705882353	0.9921568627450981	0.8980392156862744	-1.0	-1.0	-1.0	-1.0	-1.0	-1.0	-1.0	
-1.0	-1.0	-1.0	-1.0	-1.0	-1.0	-1.0	-1.0	0.3176470588235294	0.9921568627450981	0.9921568627450981	0.6784313725490196	0.22352941176470598	0.30980392156862746	0.9294117647058824	0.9921568627450981	0.9921568627450981	0.9921568627450981	0.9921568627450981	0.9921568627450981	-0.019607843137254943	-1.0	-1.0	-1.0	-1.0	-1.0	-1.0	-1.0	
-1.0	-1.0	-1.0	-1.0	-1.0	-1.0	-1.0	-1.0	-1.0	0.8117647058823529	0.9921568627450981	0.9921568627450981	0.9921568627450981	0.9921568627450981	0.9921568627450981	0.9921568627450981	0.9921568627450981	0.9921568627450981	0.9921568627450981	0.7019607843137254	-0.7803921568627451	-1.0	-1.0	-1.0	-1.0	-1.0	-1.0	-1.0	
-1.0	-1.0	-1.0	-1.0	-1.0	-1.0	-1.0	-1.0	-1.0	-0.2549019607843137	0.9921568627450981	0.9921568627450981	0.9921568627450981	1.0	0.9921568627450981	0.9921568627450981	0.9921568627450981	1.0	0.9921568627450981	0.8588235294117648	-0.44313725490196076	-1.0	-1.0	-1.0	-1.0	-1.0	-1.0	-1.0	
-1.0	-1.0	-1.0	-1.0	-1.0	-1.0	-1.0	-1.0	-1.0	-0.0039215686274509665	0.9921568627450981	0.9921568627450981	0.9921568627450981	0.7882352941176471	0.43529411764705883	0.44313725490196076	0.780392156862745	0.9921568627450981	0.9921568627450981	0.9921568627450981	0.33333333333333326	-1.0	-1.0	-1.0	-1.0	-1.0	-1.0	-1.0	
-1.0	-1.0	-1.0	-1.0	-1.0	-1.0	-1.0	-1.0	-1.0	0.9058823529411764	0.9921568627450981	0.9921568627450981	0.46666666666666656	-1.0	-1.0	-1.0	-1.0	0.4745098039215687	0.9921568627450981	0.9921568627450981	0.9058823529411764	-1.0	-1.0	-1.0	-1.0	-1.0	-1.0	-1.0	
-1.0	-1.0	-1.0	-1.0	-1.0	-1.0	-1.0	-1.0	-0.027450980392156876	0.9921568627450981	0.9921568627450981	0.7019607843137254	-0.7803921568627451	-1.0	-1.0	-1.0	-1.0	-0.7333333333333334	0.7098039215686274	0.9921568627450981	0.9921568627450981	-0.027450980392156876	-1.0	-1.0	-1.0	-1.0	-1.0	-1.0	
-1.0	-1.0	-1.0	-1.0	-1.0	-1.0	-1.0	-1.0	0.39607843137254894	1.0	0.9921568627450981	0.3568627450980393	-1.0	-1.0	-1.0	-1.0	-1.0	-1.0	0.3647058823529412	0.9921568627450981	0.9921568627450981	0.39607843137254894	-1.0	-1.0	-1.0	-1.0	-1.0	-1.0	
-1.0	-1.0	-1.0	-1.0	-1.0	-1.0	-1.0	-1.0	0.7490196078431373	0.9921568627450981	0.9921568627450981	0.0117647058823529	-1.0	-1.0	-1.0	-1.0	-1.0	-1.0	0.019607843137254832	0.9921568627450981	0.9921568627450981	0.39607843137254894	-1.0	-1.0	-1.0	-1.0	-1.0	-1.0	
-1.0	-1.0	-1.0	-1.0	-1.0	-1.0	-1.0	-1.0	0.8901960784313725	0.9921568627450981	0.9921568627450981	0.0117647058823529	-1.0	-1.0	-1.0	-1.0	-1.0	-1.0	0.28627450980392166	0.9921568627450981	0.9921568627450981	0.1607843137254903	-1.0	-1.0	-1.0	-1.0	-1.0	-1.0	
-1.0	-1.0	-1.0	-1.0	-1.0	-1.0	-1.0	-1.0	0.45882352941176463	0.9921568627450981	0.9921568627450981	0.3568627450980393	-1.0	-1.0	-1.0	-1.0	-1.0	-0.4980392156862745	0.8196078431372549	0.9921568627450981	0.9921568627450981	-1.0	-1.0	-1.0	-1.0	-1.0	-1.0	-1.0	
-1.0	-1.0	-1.0	-1.0	-1.0	-1.0	-1.0	-1.0	0.3254901960784313	1.0	0.9921568627450981	0.8588235294117648	-0.1215686274509804	-1.0	-1.0	-0.5607843137254902	-0.2549019607843137	0.8117647058823529	0.9921568627450981	0.9921568627450981	0.17647058823529416	-1.0	-1.0	-1.0	-1.0	-1.0	-1.0	-1.0	
-1.0	-1.0	-1.0	-1.0	-1.0	-1.0	-1.0	-1.0	-1.0	0.9058823529411764	0.9921568627450981	0.9921568627450981	0.9921568627450981	0.6705882352941177	0.6705882352941177	0.7882352941176471	0.9921568627450981	0.9921568627450981	0.9921568627450981	0.6705882352941177	-0.584313725490196	-1.0	-1.0	-1.0	-1.0	-1.0	-1.0	-1.0	
-1.0	-1.0	-1.0	-1.0	-1.0	-1.0	-1.0	-1.0	-1.0	-0.2313725490196078	0.5764705882352941	0.9921568627450981	0.9921568627450981	0.9921568627450981	0.9921568627450981	0.9921568627450981	0.9921568627450981	0.9921568627450981	0.43529411764705883	-0.4980392156862745	-1.0	-1.0	-1.0	-1.0	-1.0	-1.0	-1.0	-1.0	
-1.0	-1.0	-1.0	-1.0	-1.0	-1.0	-1.0	-1.0	-1.0	-1.0	-0.6392156862745098	0.08235294117647052	0.5294117647058822	0.9921568627450981	0.8980392156862744	0.5294117647058822	0.5294117647058822	-0.2705882352941177	-0.584313725490196	-1.0	-1.0	-1.0	-1.0	-1.0	-1.0	-1.0	-1.0	-1.0	
-1.0	-1.0	-1.0	-1.0	-1.0	-1.0	-1.0	-1.0	-1.0	-1.0	-1.0	-1.0	-1.0	-1.0	-1.0	-1.0	-1.0	-1.0	-1.0	-1.0	-1.0	-1.0	-1.0	-1.0	-1.0	-1.0	-1.0	-1.0	
-1.0	-1.0	-1.0	-1.0	-1.0	-1.0	-1.0	-1.0	-1.0	-1.0	-1.0	-1.0	-1.0	-1.0	-1.0	-1.0	-1.0	-1.0	-1.0	-1.0	-1.0	-1.0	-1.0	-1.0	-1.0	-1.0	-1.0	-1.0	
-1.0	-1.0	-1.0	-1.0	-1.0	-1.0	-1.0	-1.0	-1.0	-1.0	-1.0	-1.0	-1.0	-1.0	-1.0	-1.0	-1.0	-1.0	-1.0	-1.0	-1.0	-1.0	-1.0	-1.0	-1.0	-1.0	-1.0	-1.0	
