0 0 1 0 0 0 0 0 0 0 

-1.0	-1.0	-1.0	-1.0	-1.0	-1.0	-1.0	-1.0	-1.0	-1.0	-1.0	-1.0	-1.0	-1.0	-1.0	-1.0	-1.0	-1.0	-1.0	-1.0	-1.0	-1.0	-1.0	-1.0	-1.0	-1.0	-1.0	-1.0	
-1.0	-1.0	-1.0	-1.0	-1.0	-1.0	-1.0	-1.0	-1.0	-1.0	-1.0	-1.0	-1.0	-1.0	-1.0	-1.0	-1.0	-1.0	-1.0	-1.0	-1.0	-1.0	-1.0	-1.0	-1.0	-1.0	-1.0	-1.0	
-1.0	-1.0	-1.0	-1.0	-1.0	-1.0	-1.0	-1.0	-1.0	-1.0	-1.0	-1.0	-1.0	-1.0	-1.0	-1.0	-1.0	-1.0	-1.0	-1.0	-1.0	-1.0	-1.0	-1.0	-1.0	-1.0	-1.0	-1.0	
-1.0	-1.0	-1.0	-1.0	-1.0	-1.0	-1.0	-1.0	-1.0	-1.0	-1.0	-1.0	-1.0	-1.0	-1.0	-1.0	-1.0	-1.0	-1.0	-1.0	-1.0	-1.0	-1.0	-1.0	-1.0	-1.0	-1.0	-1.0	
-1.0	-1.0	-1.0	-1.0	-1.0	-1.0	-1.0	-1.0	-1.0	-1.0	-1.0	-1.0	-1.0	-1.0	-1.0	-1.0	-1.0	-1.0	-1.0	-1.0	-1.0	-1.0	-1.0	-1.0	-1.0	-1.0	-1.0	-1.0	
-1.0	-1.0	-1.0	-1.0	-1.0	-1.0	-1.0	-1.0	-1.0	-1.0	-1.0	-1.0	-1.0	0.15294117647058814	0.7882352941176471	1.0	1.0	0.8588235294117648	0.6627450980392158	0.607843137254902	-0.19999999999999996	-1.0	-1.0	-1.0	-1.0	-1.0	-1.0	-1.0	
-1.0	-1.0	-1.0	-1.0	-1.0	-1.0	-1.0	-1.0	-1.0	-1.0	-1.0	-0.8274509803921568	0.45882352941176463	1.0	1.0	1.0	1.0	1.0	1.0	1.0	0.9137254901960785	0.3176470588235294	-0.8980392156862745	-1.0	-1.0	-1.0	-1.0	-1.0	
-1.0	-1.0	-1.0	-1.0	-1.0	-1.0	-1.0	-1.0	-1.0	-1.0	-1.0	0.6705882352941177	1.0	1.0	1.0	1.0	0.8666666666666667	0.24705882352941178	0.24705882352941178	0.8196078431372549	1.0	1.0	0.15294117647058814	-1.0	-1.0	-1.0	-1.0	-1.0	
-1.0	-1.0	-1.0	-1.0	-1.0	-1.0	-1.0	-1.0	-1.0	-0.7803921568627451	0.4745098039215687	0.9921568627450981	0.9450980392156862	0.37254901960784315	0.780392156862745	1.0	0.4901960784313726	-1.0	-1.0	-0.30980392156862746	0.7568627450980392	1.0	0.780392156862745	-1.0	-1.0	-1.0	-1.0	-1.0	
-1.0	-1.0	-1.0	-1.0	-1.0	-1.0	-1.0	-1.0	-1.0	-0.24705882352941178	1.0	1.0	0.03529411764705892	0.7176470588235293	1.0	0.8509803921568628	-0.4980392156862745	-1.0	-1.0	-1.0	0.0117647058823529	0.9294117647058824	0.8823529411764706	-0.44313725490196076	-1.0	-1.0	-1.0	-1.0	
-1.0	-1.0	-1.0	-1.0	-1.0	-1.0	-1.0	-1.0	-1.0	0.43529411764705883	1.0	0.9450980392156862	0.8509803921568628	1.0	0.9529411764705882	0.2784313725490195	-1.0	-1.0	-1.0	-1.0	-1.0	0.7568627450980392	1.0	-0.0039215686274509665	-1.0	-1.0	-1.0	-1.0	
-1.0	-1.0	-1.0	-1.0	-1.0	-1.0	-1.0	-1.0	-1.0	0.48235294117647065	1.0	1.0	1.0	1.0	0.41176470588235303	-1.0	-1.0	-1.0	-1.0	-1.0	-1.0	0.7568627450980392	1.0	-0.0039215686274509665	-1.0	-1.0	-1.0	-1.0	
-1.0	-1.0	-1.0	-1.0	-1.0	-1.0	-1.0	-1.0	-1.0	0.1607843137254903	1.0	1.0	0.8901960784313725	0.2941176470588236	-0.7803921568627451	-1.0	-1.0	-1.0	-1.0	-1.0	0.24705882352941178	0.9843137254901961	0.9137254901960785	-0.30980392156862746	-1.0	-1.0	-1.0	-1.0	
-1.0	-1.0	-1.0	-1.0	-1.0	-1.0	-1.0	-1.0	-1.0	-0.6392156862745098	0.04313725490196085	0.30980392156862746	-0.48235294117647054	-1.0	-1.0	-1.0	-1.0	-1.0	-1.0	-1.0	0.6862745098039216	1.0	0.8352941176470587	-1.0	-1.0	-1.0	-1.0	-1.0	
-1.0	-1.0	-1.0	-1.0	-1.0	-1.0	-1.0	-1.0	-1.0	-1.0	-1.0	-1.0	-1.0	-1.0	-1.0	-1.0	-1.0	-1.0	-1.0	0.0980392156862746	0.968627450980392	1.0	0.26274509803921564	-1.0	-1.0	-1.0	-1.0	-1.0	
-1.0	-1.0	-1.0	-1.0	-1.0	-1.0	-1.0	-0.7803921568627451	-0.7019607843137254	0.2941176470588236	0.34901960784313735	-0.5372549019607843	-0.7019607843137254	-0.7803921568627451	-1.0	-1.0	-1.0	-1.0	-0.5372549019607843	0.8431372549019607	1.0	0.7254901960784315	-0.8274509803921568	-1.0	-1.0	-1.0	-1.0	-1.0	
-1.0	-1.0	-1.0	-1.0	-1.0	-1.0	0.08235294117647052	0.8196078431372549	1.0	1.0	1.0	1.0	1.0	0.7960784313725491	0.41960784313725497	-1.0	-1.0	-1.0	0.388235294117647	1.0	0.8823529411764706	0.2313725490196079	-1.0	-1.0	-1.0	-1.0	-1.0	-1.0	
-1.0	-1.0	-1.0	-1.0	-1.0	-0.4274509803921569	0.8196078431372549	0.968627450980392	0.6784313725490196	0.9137254901960785	0.9450980392156862	0.9450980392156862	0.9843137254901961	1.0	1.0	0.6627450980392158	-0.5607843137254902	0.37254901960784315	0.9843137254901961	0.9843137254901961	0.1450980392156862	-1.0	-1.0	-1.0	-1.0	-1.0	-1.0	-1.0	
-1.0	-1.0	-1.0	-1.0	-1.0	0.8352941176470587	1.0	0.3568627450980393	-1.0	-1.0	-1.0	-1.0	0.08235294117647052	0.5529411764705883	0.9529411764705882	1.0	0.8745098039215686	1.0	1.0	0.3647058823529412	-1.0	-1.0	-1.0	-1.0	-1.0	-1.0	-1.0	-1.0	
-1.0	-1.0	-1.0	-1.0	-0.050980392156862786	0.9764705882352942	0.9764705882352942	-0.2313725490196078	-1.0	-1.0	-1.0	-1.0	-1.0	-1.0	0.17647058823529416	1.0	1.0	1.0	0.5058823529411764	-0.584313725490196	-1.0	-1.0	-1.0	-1.0	-1.0	-1.0	-1.0	-1.0	
-1.0	-1.0	-1.0	-1.0	0.46666666666666656	1.0	0.615686274509804	-1.0	-1.0	-1.0	-1.0	-1.0	-1.0	-0.05882352941176472	0.7647058823529411	1.0	1.0	0.8196078431372549	-0.584313725490196	-1.0	-1.0	-1.0	-1.0	-1.0	-1.0	-1.0	-1.0	-1.0	
-1.0	-1.0	-1.0	-1.0	0.5450980392156863	1.0	0.24705882352941178	-1.0	-1.0	-1.0	-1.0	-0.6705882352941177	0.388235294117647	0.968627450980392	1.0	0.968627450980392	0.8666666666666667	0.6235294117647059	-1.0	-1.0	-1.0	-1.0	-1.0	-1.0	-1.0	-1.0	-1.0	-1.0	
-1.0	-1.0	-1.0	-1.0	0.0117647058823529	1.0	0.7411764705882353	-0.05882352941176472	-1.0	-0.5372549019607843	0.2549019607843137	0.780392156862745	1.0	1.0	0.8666666666666667	0.2313725490196079	-1.0	-1.0	-1.0	-1.0	-1.0	-1.0	-1.0	-1.0	-1.0	-1.0	-1.0	-1.0	
-1.0	-1.0	-1.0	-1.0	-0.3254901960784313	0.9058823529411764	1.0	0.9843137254901961	0.968627450980392	0.968627450980392	1.0	1.0	1.0	0.584313725490196	-0.30980392156862746	-1.0	-1.0	-1.0	-1.0	-1.0	-1.0	-1.0	-1.0	-1.0	-1.0	-1.0	-1.0	-1.0	
-1.0	-1.0	-1.0	-1.0	-1.0	-0.050980392156862786	0.8666666666666667	1.0	1.0	0.9607843137254901	0.6000000000000001	0.6000000000000001	0.17647058823529416	-0.8980392156862745	-1.0	-1.0	-1.0	-1.0	-1.0	-1.0	-1.0	-1.0	-1.0	-1.0	-1.0	-1.0	-1.0	-1.0	
-1.0	-1.0	-1.0	-1.0	-1.0	-1.0	-1.0	-1.0	-1.0	-1.0	-1.0	-1.0	-1.0	-1.0	-1.0	-1.0	-1.0	-1.0	-1.0	-1.0	-1.0	-1.0	-1.0	-1.0	-1.0	-1.0	-1.0	-1.0	
-1.0	-1.0	-1.0	-1.0	-1.0	-1.0	-1.0	-1.0	-1.0	-1.0	-1.0	-1.0	-1.0	-1.0	-1.0	-1.0	-1.0	-1.0	-1.0	-1.0	-1.0	-1.0	-1.0	-1.0	-1.0	-1.0	-1.0	-1.0	
-1.0	-1.0	-1.0	-1.0	-1.0	-1.0	-1.0	-1.0	-1.0	-1.0	-1.0	-1.0	-1.0	-1.0	-1.0	-1.0	-1.0	-1.0	-1.0	-1.0	-1.0	-1.0	-1.0	-1.0	-1.0	-1.0	-1.0	-1.0	
