1 0 0 0 0 0 0 0 0 0 

-1.0	-1.0	-1.0	-1.0	-1.0	-1.0	-1.0	-1.0	-1.0	-1.0	-1.0	-1.0	-1.0	-1.0	-1.0	-1.0	-1.0	-1.0	-1.0	-1.0	-1.0	-1.0	-1.0	-1.0	-1.0	-1.0	-1.0	-1.0	
-1.0	-1.0	-1.0	-1.0	-1.0	-1.0	-1.0	-1.0	-1.0	-1.0	-1.0	-1.0	-1.0	-1.0	-1.0	-1.0	-1.0	-1.0	-1.0	-1.0	-1.0	-1.0	-1.0	-1.0	-1.0	-1.0	-1.0	-1.0	
-1.0	-1.0	-1.0	-1.0	-1.0	-1.0	-1.0	-1.0	-1.0	-1.0	-1.0	-1.0	-1.0	-1.0	-1.0	-1.0	-1.0	-1.0	-1.0	-1.0	-1.0	-1.0	-1.0	-1.0	-1.0	-1.0	-1.0	-1.0	
-1.0	-1.0	-1.0	-1.0	-1.0	-1.0	-1.0	-1.0	-1.0	-1.0	-1.0	-1.0	-1.0	-1.0	-1.0	-1.0	-1.0	-1.0	-1.0	-1.0	-1.0	-1.0	-1.0	-1.0	-1.0	-1.0	-1.0	-1.0	
-1.0	-1.0	-1.0	-1.0	-1.0	-1.0	-1.0	-1.0	-1.0	-1.0	-1.0	-1.0	-1.0	-1.0	-1.0	-1.0	-1.0	-1.0	-1.0	-1.0	-1.0	-1.0	-1.0	-1.0	-1.0	-1.0	-1.0	-1.0	
-1.0	-1.0	-1.0	-1.0	-1.0	-1.0	-1.0	-1.0	-1.0	-1.0	-1.0	-1.0	-1.0	-1.0	-1.0	-1.0	-1.0	-1.0	-1.0	-1.0	-1.0	-1.0	-1.0	-1.0	-1.0	-1.0	-1.0	-1.0	
-1.0	-1.0	-1.0	-1.0	-1.0	-1.0	-1.0	-1.0	-1.0	-1.0	-1.0	-0.39607843137254906	0.019607843137254832	0.584313725490196	0.7882352941176471	0.7882352941176471	0.7882352941176471	0.7882352941176471	0.33333333333333326	0.019607843137254832	-1.0	-1.0	-1.0	-1.0	-1.0	-1.0	-1.0	-1.0	
-1.0	-1.0	-1.0	-1.0	-1.0	-1.0	-1.0	-1.0	-1.0	-1.0	0.2705882352941176	0.780392156862745	0.9921568627450981	0.9921568627450981	0.9921568627450981	0.9921568627450981	0.9921568627450981	0.9921568627450981	0.9921568627450981	0.9921568627450981	0.6705882352941177	0.44313725490196076	-0.6392156862745098	-1.0	-1.0	-1.0	-1.0	-1.0	
-1.0	-1.0	-1.0	-1.0	-1.0	-1.0	-1.0	-1.0	-1.0	0.1843137254901961	0.9921568627450981	0.9921568627450981	0.9921568627450981	0.9921568627450981	0.9921568627450981	0.9921568627450981	0.9921568627450981	0.9921568627450981	0.9921568627450981	0.9921568627450981	0.9921568627450981	0.9921568627450981	0.6470588235294117	-0.06666666666666665	-1.0	-1.0	-1.0	-1.0	
-1.0	-1.0	-1.0	-1.0	-1.0	-1.0	-1.0	-0.2941176470588235	0.8274509803921568	0.9921568627450981	1.0	0.9921568627450981	0.9921568627450981	0.9921568627450981	0.9921568627450981	1.0	0.9921568627450981	0.9921568627450981	0.9921568627450981	0.9921568627450981	1.0	0.9921568627450981	0.9921568627450981	0.5607843137254902	-1.0	-1.0	-1.0	-1.0	
-1.0	-1.0	-1.0	-1.0	-1.0	-1.0	-0.2549019607843137	0.7960784313725491	0.9921568627450981	0.9921568627450981	0.9921568627450981	0.9921568627450981	0.9921568627450981	0.9921568627450981	0.9921568627450981	0.6627450980392158	0.6627450980392158	0.6627450980392158	0.6627450980392158	0.6627450980392158	0.9921568627450981	0.9921568627450981	0.9921568627450981	0.9764705882352942	0.3176470588235294	-1.0	-1.0	-1.0	
-1.0	-1.0	-1.0	-1.0	-1.0	-1.0	0.22352941176470598	0.9921568627450981	0.9921568627450981	0.9921568627450981	0.9921568627450981	0.9921568627450981	0.9921568627450981	0.9921568627450981	0.9921568627450981	-1.0	-1.0	-1.0	-1.0	-1.0	0.4274509803921569	0.968627450980392	0.9921568627450981	0.9921568627450981	0.8745098039215686	-1.0	-1.0	-1.0	
-1.0	-1.0	-1.0	-1.0	-1.0	-0.4980392156862745	0.7176470588235293	0.9921568627450981	0.9921568627450981	0.9921568627450981	0.9921568627450981	0.9294117647058824	0.9921568627450981	0.9921568627450981	0.615686274509804	-1.0	-1.0	-1.0	-1.0	-1.0	-1.0	0.48235294117647065	0.9921568627450981	0.9921568627450981	0.9921568627450981	-1.0	-1.0	-1.0	
-1.0	-1.0	-1.0	-1.0	-1.0	0.7568627450980392	0.9921568627450981	0.9921568627450981	0.9921568627450981	0.9921568627450981	0.7568627450980392	-0.04313725490196074	0.388235294117647	0.388235294117647	-0.04313725490196074	-1.0	-1.0	-1.0	-1.0	-1.0	-1.0	0.22352941176470598	0.9921568627450981	0.9921568627450981	0.9921568627450981	-1.0	-1.0	-1.0	
-1.0	-1.0	-1.0	-1.0	-1.0	1.0	0.9921568627450981	0.9921568627450981	0.9921568627450981	0.7568627450980392	-1.0	-1.0	-1.0	-1.0	-1.0	-1.0	-1.0	-1.0	-1.0	-1.0	-1.0	-0.15294117647058825	0.8823529411764706	0.9921568627450981	0.9921568627450981	-1.0	-1.0	-1.0	
-1.0	-1.0	-1.0	-1.0	-1.0	0.9921568627450981	0.9921568627450981	0.9921568627450981	0.9529411764705882	0.15294117647058814	-1.0	-1.0	-1.0	-1.0	-1.0	-1.0	-1.0	-1.0	-1.0	-1.0	-1.0	0.4901960784313726	0.9921568627450981	0.9921568627450981	0.9921568627450981	-1.0	-1.0	-1.0	
-1.0	-1.0	-1.0	-1.0	-1.0	0.9921568627450981	0.9921568627450981	0.9921568627450981	0.9137254901960785	-0.30980392156862746	-1.0	-1.0	-1.0	-1.0	-1.0	-1.0	-1.0	-1.0	-1.0	-0.22352941176470587	0.4274509803921569	0.968627450980392	0.9921568627450981	0.9921568627450981	0.9921568627450981	-1.0	-1.0	-1.0	
-1.0	-1.0	-1.0	-1.0	-1.0	0.9921568627450981	0.9921568627450981	0.9921568627450981	0.9921568627450981	0.8196078431372549	-0.2549019607843137	-0.2549019607843137	-0.2549019607843137	-0.2549019607843137	-0.2549019607843137	-0.2549019607843137	-0.2549019607843137	0.04313725490196085	0.6705882352941177	0.8588235294117648	0.9921568627450981	0.9921568627450981	0.9921568627450981	0.9921568627450981	0.615686274509804	-1.0	-1.0	-1.0	
-1.0	-1.0	-1.0	-1.0	-1.0	0.9921568627450981	0.9921568627450981	0.9921568627450981	0.9921568627450981	0.9921568627450981	0.9921568627450981	0.9921568627450981	0.9921568627450981	0.9921568627450981	0.9921568627450981	0.9921568627450981	0.9921568627450981	0.9921568627450981	0.9921568627450981	0.9921568627450981	0.9921568627450981	0.9921568627450981	0.9921568627450981	0.615686274509804	-0.04313725490196074	-1.0	-1.0	-1.0	
-1.0	-1.0	-1.0	-1.0	-1.0	0.06666666666666665	0.9529411764705882	0.9921568627450981	0.9921568627450981	0.9921568627450981	1.0	0.9921568627450981	0.9921568627450981	0.9921568627450981	0.9921568627450981	1.0	0.9921568627450981	0.9921568627450981	0.9921568627450981	0.9921568627450981	1.0	0.8588235294117648	0.37254901960784315	-1.0	-1.0	-1.0	-1.0	-1.0	
-1.0	-1.0	-1.0	-1.0	-1.0	-1.0	0.13725490196078427	0.7411764705882353	0.9921568627450981	0.9921568627450981	0.9921568627450981	0.9921568627450981	0.9921568627450981	0.9921568627450981	0.9921568627450981	0.9921568627450981	0.9921568627450981	0.9921568627450981	0.9921568627450981	0.9921568627450981	0.6627450980392158	-0.207843137254902	-1.0	-1.0	-1.0	-1.0	-1.0	-1.0	
-1.0	-1.0	-1.0	-1.0	-1.0	-1.0	-1.0	-0.4980392156862745	0.0039215686274509665	0.0039215686274509665	0.780392156862745	0.780392156862745	0.780392156862745	0.780392156862745	0.780392156862745	0.780392156862745	0.5686274509803921	0.0039215686274509665	0.0039215686274509665	0.0039215686274509665	-1.0	-1.0	-1.0	-1.0	-1.0	-1.0	-1.0	-1.0	
-1.0	-1.0	-1.0	-1.0	-1.0	-1.0	-1.0	-1.0	-1.0	-1.0	-1.0	-1.0	-1.0	-1.0	-1.0	-1.0	-1.0	-1.0	-1.0	-1.0	-1.0	-1.0	-1.0	-1.0	-1.0	-1.0	-1.0	-1.0	
-1.0	-1.0	-1.0	-1.0	-1.0	-1.0	-1.0	-1.0	-1.0	-1.0	-1.0	-1.0	-1.0	-1.0	-1.0	-1.0	-1.0	-1.0	-1.0	-1.0	-1.0	-1.0	-1.0	-1.0	-1.0	-1.0	-1.0	-1.0	
-1.0	-1.0	-1.0	-1.0	-1.0	-1.0	-1.0	-1.0	-1.0	-1.0	-1.0	-1.0	-1.0	-1.0	-1.0	-1.0	-1.0	-1.0	-1.0	-1.0	-1.0	-1.0	-1.0	-1.0	-1.0	-1.0	-1.0	-1.0	
-1.0	-1.0	-1.0	-1.0	-1.0	-1.0	-1.0	-1.0	-1.0	-1.0	-1.0	-1.0	-1.0	-1.0	-1.0	-1.0	-1.0	-1.0	-1.0	-1.0	-1.0	-1.0	-1.0	-1.0	-1.0	-1.0	-1.0	-1.0	
-1.0	-1.0	-1.0	-1.0	-1.0	-1.0	-1.0	-1.0	-1.0	-1.0	-1.0	-1.0	-1.0	-1.0	-1.0	-1.0	-1.0	-1.0	-1.0	-1.0	-1.0	-1.0	-1.0	-1.0	-1.0	-1.0	-1.0	-1.0	
-1.0	-1.0	-1.0	-1.0	-1.0	-1.0	-1.0	-1.0	-1.0	-1.0	-1.0	-1.0	-1.0	-1.0	-1.0	-1.0	-1.0	-1.0	-1.0	-1.0	-1.0	-1.0	-1.0	-1.0	-1.0	-1.0	-1.0	-1.0	
