1 0 0 0 0 0 0 0 0 0 

-1.0	-1.0	-1.0	-1.0	-1.0	-1.0	-1.0	-1.0	-1.0	-1.0	-1.0	-1.0	-1.0	-1.0	-1.0	-1.0	-1.0	-1.0	-1.0	-1.0	-1.0	-1.0	-1.0	-1.0	-1.0	-1.0	-1.0	-1.0	
-1.0	-1.0	-1.0	-1.0	-1.0	-1.0	-1.0	-1.0	-1.0	-1.0	-1.0	-1.0	-1.0	-1.0	-1.0	-1.0	-1.0	-1.0	-1.0	-1.0	-1.0	-1.0	-1.0	-1.0	-1.0	-1.0	-1.0	-1.0	
-1.0	-1.0	-1.0	-1.0	-1.0	-1.0	-1.0	-1.0	-1.0	-1.0	-1.0	-1.0	-1.0	-1.0	-1.0	-1.0	-1.0	-1.0	-1.0	-1.0	-1.0	-1.0	-1.0	-1.0	-1.0	-1.0	-1.0	-1.0	
-1.0	-1.0	-1.0	-1.0	-1.0	-1.0	-1.0	-1.0	-1.0	-1.0	-1.0	-1.0	-1.0	-1.0	-1.0	-1.0	-1.0	-1.0	-1.0	-1.0	-1.0	-1.0	-1.0	-1.0	-1.0	-1.0	-1.0	-1.0	
-1.0	-1.0	-1.0	-1.0	-1.0	-1.0	-1.0	-1.0	-1.0	-1.0	-1.0	-1.0	-1.0	-1.0	-1.0	0.4901960784313726	1.0	1.0	1.0	0.5686274509803921	-0.3647058823529412	-0.8980392156862745	-1.0	-1.0	-1.0	-1.0	-1.0	-1.0	
-1.0	-1.0	-1.0	-1.0	-1.0	-1.0	-1.0	-1.0	-1.0	-1.0	-1.0	-1.0	-1.0	-1.0	-1.0	0.7647058823529411	0.9921568627450981	0.9921568627450981	0.9921568627450981	0.9921568627450981	0.9921568627450981	0.26274509803921564	-1.0	-1.0	-1.0	-1.0	-1.0	-1.0	
-1.0	-1.0	-1.0	-1.0	-1.0	-1.0	-1.0	-1.0	-1.0	-1.0	-1.0	-1.0	-1.0	-1.0	-1.0	0.41960784313725497	0.9294117647058824	0.9294117647058824	0.7176470588235293	0.9921568627450981	0.9921568627450981	0.8274509803921568	-0.5607843137254902	-1.0	-1.0	-1.0	-1.0	-1.0	
-1.0	-1.0	-1.0	-1.0	-1.0	-1.0	-1.0	-1.0	-1.0	-1.0	-1.0	-1.0	-1.0	-1.0	-0.39607843137254906	-0.39607843137254906	-1.0	-1.0	-0.17647058823529416	0.34901960784313735	0.9294117647058824	0.9921568627450981	0.26274509803921564	-1.0	-1.0	-1.0	-1.0	-1.0	
-1.0	-1.0	-1.0	-1.0	-1.0	-1.0	-1.0	-1.0	-1.0	-1.0	-1.0	-1.0	-1.0	-0.04313725490196074	0.8980392156862744	0.8980392156862744	-0.19999999999999996	-1.0	-1.0	-1.0	0.8823529411764706	0.9921568627450981	0.8352941176470587	-0.6392156862745098	-1.0	-1.0	-1.0	-1.0	
-1.0	-1.0	-1.0	-1.0	-1.0	-1.0	-1.0	-1.0	-1.0	-1.0	-1.0	-1.0	-0.22352941176470587	0.8980392156862744	0.9921568627450981	0.7568627450980392	-0.3803921568627451	-1.0	-1.0	-1.0	0.8823529411764706	0.9921568627450981	0.9921568627450981	-0.5215686274509803	-1.0	-1.0	-1.0	-1.0	
-1.0	-1.0	-1.0	-1.0	-1.0	-1.0	-1.0	-1.0	-1.0	-1.0	-1.0	-0.607843137254902	0.22352941176470598	0.9921568627450981	0.48235294117647065	-0.3647058823529412	-1.0	-1.0	-1.0	-1.0	0.8823529411764706	0.9921568627450981	0.9921568627450981	-0.5215686274509803	-1.0	-1.0	-1.0	-1.0	
-1.0	-1.0	-1.0	-1.0	-1.0	-1.0	-1.0	-1.0	-1.0	-1.0	-0.22352941176470587	0.5607843137254902	0.9921568627450981	0.9529411764705882	-0.0039215686274509665	-1.0	-1.0	-1.0	-1.0	-1.0	0.8823529411764706	0.9921568627450981	0.9921568627450981	-0.5215686274509803	-1.0	-1.0	-1.0	-1.0	
-1.0	-1.0	-1.0	-1.0	-1.0	-1.0	-1.0	-1.0	-1.0	-0.04313725490196074	0.8980392156862744	0.9921568627450981	0.7568627450980392	0.027450980392156765	-1.0	-1.0	-1.0	-1.0	-1.0	-1.0	0.8823529411764706	0.9921568627450981	0.9058823529411764	-0.584313725490196	-1.0	-1.0	-1.0	-1.0	
-1.0	-1.0	-1.0	-1.0	-1.0	-1.0	-1.0	-1.0	-0.050980392156862786	0.8980392156862744	0.9921568627450981	0.7568627450980392	-0.34901960784313724	-1.0	-1.0	-1.0	-1.0	-1.0	-1.0	0.11372549019607847	0.968627450980392	0.9921568627450981	0.388235294117647	-1.0	-1.0	-1.0	-1.0	-1.0	
-1.0	-1.0	-1.0	-1.0	-1.0	-1.0	-1.0	-0.6705882352941177	0.7019607843137254	0.9921568627450981	0.9607843137254901	0.06666666666666665	-1.0	-1.0	-1.0	-1.0	-1.0	-1.0	-0.3254901960784313	0.7882352941176471	0.9921568627450981	0.6862745098039216	-0.7019607843137254	-1.0	-1.0	-1.0	-1.0	-1.0	
-1.0	-1.0	-1.0	-1.0	-1.0	-1.0	-1.0	0.41176470588235303	0.9921568627450981	0.9921568627450981	0.7098039215686274	-1.0	-1.0	-1.0	-1.0	-1.0	-1.0	-1.0	0.4509803921568627	0.9921568627450981	0.8901960784313725	-0.0980392156862745	-1.0	-1.0	-1.0	-1.0	-1.0	-1.0	
-1.0	-1.0	-1.0	-1.0	-1.0	-1.0	-0.5372549019607843	0.9215686274509804	0.9921568627450981	0.9058823529411764	-0.4117647058823529	-1.0	-1.0	-1.0	-1.0	-1.0	-1.0	0.3568627450980393	0.968627450980392	0.9921568627450981	-0.0039215686274509665	-1.0	-1.0	-1.0	-1.0	-1.0	-1.0	-1.0	
-1.0	-1.0	-1.0	-1.0	-1.0	-1.0	-0.4980392156862745	0.9921568627450981	0.9921568627450981	0.8823529411764706	-1.0	-1.0	-1.0	-1.0	-1.0	-1.0	-0.2941176470588235	0.8745098039215686	0.9921568627450981	0.6941176470588235	-0.7019607843137254	-1.0	-1.0	-1.0	-1.0	-1.0	-1.0	-1.0	
-1.0	-1.0	-1.0	-1.0	-1.0	-1.0	-0.4980392156862745	0.9921568627450981	0.9921568627450981	0.41176470588235303	-1.0	-1.0	-1.0	-1.0	-1.0	0.34901960784313735	0.9058823529411764	0.9921568627450981	0.8745098039215686	-0.1215686274509804	-1.0	-1.0	-1.0	-1.0	-1.0	-1.0	-1.0	-1.0	
-1.0	-1.0	-1.0	-1.0	-1.0	-1.0	0.4509803921568627	0.9921568627450981	0.9607843137254901	0.04313725490196085	-1.0	-1.0	-1.0	-1.0	0.3411764705882352	0.968627450980392	0.9921568627450981	0.6862745098039216	-0.1215686274509804	-1.0	-1.0	-1.0	-1.0	-1.0	-1.0	-1.0	-1.0	-1.0	
-1.0	-1.0	-1.0	-1.0	-1.0	-1.0	0.5137254901960784	0.9921568627450981	0.9450980392156862	-0.1215686274509804	-1.0	-1.0	0.3019607843137255	0.9137254901960785	0.968627450980392	0.8901960784313725	0.388235294117647	-0.7019607843137254	-1.0	-1.0	-1.0	-1.0	-1.0	-1.0	-1.0	-1.0	-1.0	-1.0	
-1.0	-1.0	-1.0	-1.0	-1.0	-1.0	0.5137254901960784	0.9921568627450981	0.9921568627450981	0.6549019607843136	0.388235294117647	0.4980392156862745	0.9764705882352942	0.9921568627450981	0.8980392156862744	-0.10588235294117643	-1.0	-1.0	-1.0	-1.0	-1.0	-1.0	-1.0	-1.0	-1.0	-1.0	-1.0	-1.0	
-1.0	-1.0	-1.0	-1.0	-1.0	-1.0	0.1843137254901961	0.9921568627450981	0.9921568627450981	0.9921568627450981	0.9921568627450981	0.9921568627450981	0.9921568627450981	0.9921568627450981	0.1450980392156862	-1.0	-1.0	-1.0	-1.0	-1.0	-1.0	-1.0	-1.0	-1.0	-1.0	-1.0	-1.0	-1.0	
-1.0	-1.0	-1.0	-1.0	-1.0	-1.0	-0.8980392156862745	0.1607843137254903	0.803921568627451	0.9921568627450981	0.9921568627450981	0.9921568627450981	0.5529411764705883	-0.7019607843137254	-0.8274509803921568	-1.0	-1.0	-1.0	-1.0	-1.0	-1.0	-1.0	-1.0	-1.0	-1.0	-1.0	-1.0	-1.0	
-1.0	-1.0	-1.0	-1.0	-1.0	-1.0	-1.0	-1.0	-1.0	-1.0	-1.0	-1.0	-1.0	-1.0	-1.0	-1.0	-1.0	-1.0	-1.0	-1.0	-1.0	-1.0	-1.0	-1.0	-1.0	-1.0	-1.0	-1.0	
-1.0	-1.0	-1.0	-1.0	-1.0	-1.0	-1.0	-1.0	-1.0	-1.0	-1.0	-1.0	-1.0	-1.0	-1.0	-1.0	-1.0	-1.0	-1.0	-1.0	-1.0	-1.0	-1.0	-1.0	-1.0	-1.0	-1.0	-1.0	
-1.0	-1.0	-1.0	-1.0	-1.0	-1.0	-1.0	-1.0	-1.0	-1.0	-1.0	-1.0	-1.0	-1.0	-1.0	-1.0	-1.0	-1.0	-1.0	-1.0	-1.0	-1.0	-1.0	-1.0	-1.0	-1.0	-1.0	-1.0	
-1.0	-1.0	-1.0	-1.0	-1.0	-1.0	-1.0	-1.0	-1.0	-1.0	-1.0	-1.0	-1.0	-1.0	-1.0	-1.0	-1.0	-1.0	-1.0	-1.0	-1.0	-1.0	-1.0	-1.0	-1.0	-1.0	-1.0	-1.0	
