0 0 0 0 0 1 0 0 0 0 

-1.0	-1.0	-1.0	-1.0	-1.0	-1.0	-1.0	-1.0	-1.0	-1.0	-1.0	-1.0	-1.0	-1.0	-1.0	-1.0	-1.0	-1.0	-1.0	-1.0	-1.0	-1.0	-1.0	-1.0	-1.0	-1.0	-1.0	-1.0	
-1.0	-1.0	-1.0	-1.0	-1.0	-1.0	-1.0	-1.0	-1.0	-1.0	-1.0	-1.0	-1.0	-1.0	-1.0	-1.0	-1.0	-1.0	-1.0	-1.0	-1.0	-1.0	-1.0	-1.0	-1.0	-1.0	-1.0	-1.0	
-1.0	-1.0	-1.0	-1.0	-1.0	-1.0	-1.0	-1.0	-1.0	-1.0	-1.0	-1.0	-1.0	-1.0	-1.0	-1.0	-1.0	-1.0	-1.0	-1.0	-1.0	-1.0	-1.0	-1.0	-1.0	-1.0	-1.0	-1.0	
-1.0	-1.0	-1.0	-1.0	-1.0	-1.0	-1.0	-1.0	-1.0	-1.0	-1.0	-1.0	-1.0	-1.0	-1.0	-1.0	-1.0	-1.0	-1.0	-1.0	-1.0	-1.0	-1.0	-1.0	-1.0	-1.0	-1.0	-1.0	
-1.0	-1.0	-1.0	-1.0	-1.0	-1.0	-1.0	-1.0	-1.0	-1.0	-1.0	-1.0	-1.0	-1.0	-1.0	-1.0	-1.0	-1.0	-1.0	-1.0	-1.0	-1.0	-1.0	-1.0	-1.0	-1.0	-1.0	-1.0	
-1.0	-1.0	-1.0	-1.0	-1.0	-1.0	-1.0	-1.0	-1.0	-1.0	-1.0	-0.2549019607843137	0.09019607843137245	-1.0	-1.0	-1.0	-1.0	-1.0	-1.0	-1.0	-1.0	-1.0	-1.0	-1.0	-1.0	-1.0	-1.0	-1.0	
-1.0	-1.0	-1.0	-1.0	-1.0	-1.0	-1.0	-1.0	-1.0	-0.22352941176470587	0.7882352941176471	0.8588235294117648	0.9450980392156862	0.7882352941176471	0.7882352941176471	0.7882352941176471	0.13725490196078427	0.019607843137254832	-0.027450980392156876	-1.0	-1.0	-1.0	-1.0	-1.0	-1.0	-1.0	-1.0	-1.0	
-1.0	-1.0	-1.0	-1.0	-1.0	-1.0	-1.0	-0.6392156862745098	0.4509803921568627	0.8588235294117648	0.9921568627450981	0.9921568627450981	0.9921568627450981	0.9921568627450981	0.9921568627450981	0.9921568627450981	0.9921568627450981	0.9921568627450981	0.9529411764705882	0.6705882352941177	-0.44313725490196076	-1.0	-1.0	-1.0	-1.0	-1.0	-1.0	-1.0	
-1.0	-1.0	-1.0	-1.0	-1.0	-1.0	-0.05882352941176472	0.6470588235294117	0.9921568627450981	0.9921568627450981	0.9921568627450981	0.9921568627450981	0.6862745098039216	0.615686274509804	0.388235294117647	0.388235294117647	0.9372549019607843	0.9921568627450981	0.9921568627450981	0.9921568627450981	0.06666666666666665	-1.0	-1.0	-1.0	-1.0	-1.0	-1.0	-1.0	
-1.0	-1.0	-1.0	-1.0	-1.0	-1.0	0.5686274509803921	0.9921568627450981	0.9921568627450981	0.9921568627450981	0.8117647058823529	-0.45882352941176474	-1.0	-1.0	-1.0	-1.0	-1.0	-1.0	-1.0	-1.0	-1.0	-1.0	-1.0	-1.0	-1.0	-1.0	-1.0	-1.0	
-1.0	-1.0	-1.0	-1.0	-1.0	0.3254901960784313	0.9764705882352942	0.9921568627450981	0.7098039215686274	-0.2784313725490196	-0.45882352941176474	-1.0	-1.0	-1.0	-1.0	-1.0	-1.0	-1.0	-1.0	-1.0	-1.0	-1.0	-1.0	-1.0	-1.0	-1.0	-1.0	-1.0	
-1.0	-1.0	-1.0	-1.0	-1.0	0.8823529411764706	0.9921568627450981	0.8745098039215686	-0.1686274509803921	-1.0	-1.0	-1.0	-1.0	-1.0	-1.0	0.019607843137254832	-0.15294117647058825	-0.08235294117647063	-0.39607843137254906	-1.0	-1.0	-1.0	-1.0	-1.0	-1.0	-1.0	-1.0	-1.0	
-1.0	-1.0	-1.0	-1.0	-1.0	0.9921568627450981	0.9921568627450981	0.9921568627450981	0.780392156862745	0.6705882352941177	0.6705882352941177	0.6705882352941177	0.6705882352941177	0.6705882352941177	0.6705882352941177	0.9921568627450981	0.8901960784313725	0.9294117647058824	0.780392156862745	0.6705882352941177	-0.2549019607843137	0.6000000000000001	0.03529411764705892	-0.5607843137254902	-1.0	-1.0	-1.0	-1.0	
-1.0	-1.0	-1.0	-1.0	-1.0	0.6862745098039216	0.9921568627450981	0.9921568627450981	0.9921568627450981	0.9921568627450981	0.9921568627450981	0.9921568627450981	0.9921568627450981	0.9921568627450981	0.9921568627450981	0.9921568627450981	0.9921568627450981	0.9921568627450981	0.9921568627450981	0.9921568627450981	0.9921568627450981	0.9921568627450981	0.9921568627450981	0.6313725490196078	-1.0	-1.0	-1.0	-1.0	
-1.0	-1.0	-1.0	-1.0	-1.0	-1.0	0.6392156862745098	0.9921568627450981	0.9921568627450981	0.9921568627450981	1.0	0.5921568627450979	0.5372549019607844	0.8117647058823529	0.5372549019607844	0.5372549019607844	0.5372549019607844	0.5372549019607844	0.5372549019607844	0.5372549019607844	1.0	0.9921568627450981	0.9921568627450981	0.9921568627450981	0.6862745098039216	-1.0	-1.0	-1.0	
-1.0	-1.0	-1.0	-1.0	-1.0	-1.0	-0.584313725490196	-0.2784313725490196	0.44313725490196076	0.24705882352941178	-0.2784313725490196	-0.7803921568627451	-1.0	-0.45882352941176474	-1.0	-1.0	-1.0	-1.0	-1.0	-1.0	-0.2784313725490196	0.33333333333333326	0.9921568627450981	0.9921568627450981	0.9921568627450981	-1.0	-1.0	-1.0	
-1.0	-1.0	-1.0	-1.0	-1.0	-1.0	-1.0	-1.0	-1.0	-1.0	-1.0	-1.0	-1.0	-1.0	-1.0	-1.0	-1.0	-1.0	-1.0	-1.0	-0.2941176470588235	0.44313725490196076	0.9921568627450981	0.9921568627450981	0.9921568627450981	-1.0	-1.0	-1.0	
-1.0	-1.0	-1.0	-1.0	-1.0	-1.0	-1.0	0.4901960784313726	0.6705882352941177	0.26274509803921564	-1.0	-1.0	-1.0	-1.0	-1.0	-1.0	-1.0	-1.0	-0.7333333333333334	-0.2549019607843137	0.8274509803921568	0.9921568627450981	0.9921568627450981	0.9764705882352942	0.5607843137254902	-1.0	-1.0	-1.0	
-1.0	-1.0	-1.0	-1.0	-1.0	-1.0	-1.0	0.4274509803921569	0.9921568627450981	0.9921568627450981	0.5372549019607844	0.2784313725490195	-1.0	-1.0	-1.0	-1.0	-1.0	-1.0	0.3568627450980393	0.9921568627450981	0.9921568627450981	0.9921568627450981	0.9921568627450981	0.5607843137254902	-1.0	-1.0	-1.0	-1.0	
-1.0	-1.0	-1.0	-1.0	-1.0	-1.0	-1.0	-1.0	0.6705882352941177	0.9921568627450981	1.0	0.9921568627450981	0.9921568627450981	0.9921568627450981	0.9921568627450981	1.0	0.9921568627450981	0.9921568627450981	0.9921568627450981	0.9921568627450981	1.0	0.9921568627450981	0.6470588235294117	-0.06666666666666665	-1.0	-1.0	-1.0	-1.0	
-1.0	-1.0	-1.0	-1.0	-1.0	-1.0	-1.0	-1.0	-0.19999999999999996	0.6627450980392158	0.9921568627450981	0.9921568627450981	0.9921568627450981	0.9921568627450981	0.9921568627450981	0.9921568627450981	0.9921568627450981	0.9921568627450981	0.9921568627450981	0.9921568627450981	0.6627450980392158	0.43529411764705883	-0.6705882352941177	-1.0	-1.0	-1.0	-1.0	-1.0	
-1.0	-1.0	-1.0	-1.0	-1.0	-1.0	-1.0	-1.0	-1.0	-1.0	0.0117647058823529	0.0039215686274509665	0.0039215686274509665	0.5764705882352941	0.780392156862745	0.780392156862745	0.5686274509803921	0.0039215686274509665	0.0039215686274509665	0.0039215686274509665	-1.0	-1.0	-1.0	-1.0	-1.0	-1.0	-1.0	-1.0	
-1.0	-1.0	-1.0	-1.0	-1.0	-1.0	-1.0	-1.0	-1.0	-1.0	-1.0	-1.0	-1.0	-1.0	-1.0	-1.0	-1.0	-1.0	-1.0	-1.0	-1.0	-1.0	-1.0	-1.0	-1.0	-1.0	-1.0	-1.0	
-1.0	-1.0	-1.0	-1.0	-1.0	-1.0	-1.0	-1.0	-1.0	-1.0	-1.0	-1.0	-1.0	-1.0	-1.0	-1.0	-1.0	-1.0	-1.0	-1.0	-1.0	-1.0	-1.0	-1.0	-1.0	-1.0	-1.0	-1.0	
-1.0	-1.0	-1.0	-1.0	-1.0	-1.0	-1.0	-1.0	-1.0	-1.0	-1.0	-1.0	-1.0	-1.0	-1.0	-1.0	-1.0	-1.0	-1.0	-1.0	-1.0	-1.0	-1.0	-1.0	-1.0	-1.0	-1.0	-1.0	
-1.0	-1.0	-1.0	-1.0	-1.0	-1.0	-1.0	-1.0	-1.0	-1.0	-1.0	-1.0	-1.0	-1.0	-1.0	-1.0	-1.0	-1.0	-1.0	-1.0	-1.0	-1.0	-1.0	-1.0	-1.0	-1.0	-1.0	-1.0	
-1.0	-1.0	-1.0	-1.0	-1.0	-1.0	-1.0	-1.0	-1.0	-1.0	-1.0	-1.0	-1.0	-1.0	-1.0	-1.0	-1.0	-1.0	-1.0	-1.0	-1.0	-1.0	-1.0	-1.0	-1.0	-1.0	-1.0	-1.0	
-1.0	-1.0	-1.0	-1.0	-1.0	-1.0	-1.0	-1.0	-1.0	-1.0	-1.0	-1.0	-1.0	-1.0	-1.0	-1.0	-1.0	-1.0	-1.0	-1.0	-1.0	-1.0	-1.0	-1.0	-1.0	-1.0	-1.0	-1.0	
