0 0 0 0 0 0 0 0 1 0 

-1.0	-1.0	-1.0	-1.0	-1.0	-1.0	-1.0	-1.0	-1.0	-1.0	-1.0	-1.0	-1.0	-1.0	-1.0	-1.0	-1.0	-1.0	-1.0	-1.0	-1.0	-1.0	-1.0	-1.0	-1.0	-1.0	-1.0	-1.0	
-1.0	-1.0	-1.0	-1.0	-1.0	-1.0	-1.0	-1.0	-1.0	-1.0	-1.0	-1.0	-1.0	-1.0	-1.0	-1.0	-1.0	-1.0	-1.0	-1.0	-1.0	-1.0	-1.0	-1.0	-1.0	-1.0	-1.0	-1.0	
-1.0	-1.0	-1.0	-1.0	-1.0	-1.0	-1.0	-1.0	-1.0	-1.0	-1.0	-1.0	-1.0	-1.0	-1.0	-1.0	-1.0	-1.0	-1.0	-1.0	-1.0	-1.0	-1.0	-1.0	-1.0	-1.0	-1.0	-1.0	
-1.0	-1.0	-1.0	-1.0	-1.0	-1.0	-1.0	-1.0	-1.0	-1.0	-1.0	-1.0	-1.0	-1.0	-1.0	-1.0	-1.0	-1.0	-1.0	-1.0	-1.0	-1.0	-1.0	-1.0	-1.0	-1.0	-1.0	-1.0	
-1.0	-1.0	-1.0	-1.0	-1.0	-1.0	-1.0	-1.0	-1.0	-1.0	-1.0	-1.0	-1.0	-1.0	-1.0	-1.0	-1.0	-1.0	-1.0	-1.0	-1.0	-1.0	-1.0	-1.0	-1.0	-1.0	-1.0	-1.0	
-1.0	-1.0	-1.0	-1.0	-1.0	-1.0	-1.0	-1.0	-1.0	-0.4980392156862745	0.39607843137254894	1.0	0.9921568627450981	0.9921568627450981	0.9372549019607843	-0.04313725490196074	-1.0	-1.0	-1.0	-1.0	-1.0	-1.0	-1.0	-1.0	-1.0	-1.0	-1.0	-1.0	
-1.0	-1.0	-1.0	-1.0	-1.0	-1.0	-1.0	-1.0	-0.39607843137254906	0.7176470588235293	0.9921568627450981	0.9921568627450981	0.9921568627450981	0.9921568627450981	0.9921568627450981	0.388235294117647	-1.0	-1.0	-1.0	-1.0	-1.0	-1.0	-1.0	-1.0	-1.0	-1.0	-1.0	-1.0	
-1.0	-1.0	-1.0	-1.0	-1.0	-1.0	-1.0	-1.0	0.019607843137254832	0.9921568627450981	0.9921568627450981	0.9921568627450981	0.803921568627451	0.8274509803921568	0.9921568627450981	0.388235294117647	-1.0	-1.0	-1.0	-1.0	-1.0	0.019607843137254832	0.5058823529411764	-0.4980392156862745	-1.0	-1.0	-1.0	-1.0	
-1.0	-1.0	-1.0	-1.0	-1.0	-1.0	-1.0	-1.0	0.584313725490196	0.9921568627450981	0.9921568627450981	0.3176470588235294	-0.584313725490196	0.019607843137254832	0.9921568627450981	0.4745098039215687	-1.0	-1.0	-1.0	-1.0	0.28627450980392166	0.9921568627450981	0.9921568627450981	0.0039215686274509665	-1.0	-1.0	-1.0	-1.0	
-1.0	-1.0	-1.0	-1.0	-1.0	-1.0	-1.0	-1.0	0.7882352941176471	0.9921568627450981	0.9921568627450981	0.5372549019607844	-1.0	0.019607843137254832	0.9921568627450981	0.9921568627450981	-1.0	-1.0	-1.0	-0.44313725490196076	0.8117647058823529	0.9921568627450981	0.9921568627450981	0.0039215686274509665	-1.0	-1.0	-1.0	-1.0	
-1.0	-1.0	-1.0	-1.0	-1.0	-1.0	-1.0	-1.0	0.019607843137254832	0.9921568627450981	0.9921568627450981	1.0	0.8196078431372549	-0.30980392156862746	0.6705882352941177	0.7568627450980392	-1.0	-1.0	-0.2941176470588235	0.8274509803921568	0.9921568627450981	1.0	0.6627450980392158	-1.0	-1.0	-1.0	-1.0	-1.0	
-1.0	-1.0	-1.0	-1.0	-1.0	-1.0	-1.0	-1.0	-0.6705882352941177	-0.10588235294117643	0.8509803921568628	0.9921568627450981	0.9921568627450981	0.7960784313725491	0.2784313725490195	-0.5215686274509803	-0.15294117647058825	0.8352941176470587	0.9137254901960785	0.9921568627450981	0.9921568627450981	0.8588235294117648	-0.207843137254902	-1.0	-1.0	-1.0	-1.0	-1.0	
-1.0	-1.0	-1.0	-1.0	-1.0	-1.0	-1.0	-1.0	-1.0	-1.0	-0.2313725490196078	0.4274509803921569	0.968627450980392	0.9921568627450981	0.968627450980392	0.7882352941176471	0.8823529411764706	0.9921568627450981	0.9921568627450981	0.9921568627450981	0.5372549019607844	-0.2313725490196078	-1.0	-1.0	-1.0	-1.0	-1.0	-1.0	
-1.0	-1.0	-1.0	-1.0	-1.0	-1.0	-1.0	-1.0	-1.0	-1.0	-1.0	-1.0	0.8901960784313725	0.9921568627450981	0.9921568627450981	0.9921568627450981	0.9921568627450981	0.9921568627450981	0.968627450980392	0.48235294117647065	-0.1686274509803921	-1.0	-1.0	-1.0	-1.0	-1.0	-1.0	-1.0	
-1.0	-1.0	-1.0	-1.0	-1.0	-1.0	-1.0	-1.0	-1.0	-1.0	-1.0	-1.0	0.8901960784313725	0.9921568627450981	0.9921568627450981	0.9921568627450981	0.9921568627450981	0.46666666666666656	0.23921568627450984	-1.0	-1.0	-1.0	-1.0	-1.0	-1.0	-1.0	-1.0	-1.0	
-1.0	-1.0	-1.0	-1.0	-1.0	-1.0	-1.0	-1.0	-1.0	-1.0	-1.0	-1.0	0.8980392156862744	0.9921568627450981	0.9921568627450981	0.9921568627450981	1.0	-0.2784313725490196	-1.0	-1.0	-1.0	-1.0	-1.0	-1.0	-1.0	-1.0	-1.0	-1.0	
-1.0	-1.0	-1.0	-1.0	-1.0	-1.0	-1.0	-1.0	-1.0	-1.0	-1.0	0.5686274509803921	0.9764705882352942	0.9921568627450981	0.9921568627450981	0.9921568627450981	0.9921568627450981	-0.2784313725490196	-1.0	-1.0	-1.0	-1.0	-1.0	-1.0	-1.0	-1.0	-1.0	-1.0	
-1.0	-1.0	-1.0	-1.0	-1.0	-1.0	-1.0	-1.0	-1.0	-1.0	0.3803921568627451	0.9921568627450981	0.9921568627450981	0.6941176470588235	0.7411764705882353	0.9921568627450981	0.9921568627450981	-0.2784313725490196	-1.0	-1.0	-1.0	-1.0	-1.0	-1.0	-1.0	-1.0	-1.0	-1.0	
-1.0	-1.0	-1.0	-1.0	-1.0	-1.0	-1.0	-1.0	-1.0	-1.0	0.5372549019607844	0.9921568627450981	0.8117647058823529	-0.30980392156862746	0.6705882352941177	0.9921568627450981	0.9921568627450981	-0.2784313725490196	-1.0	-1.0	-1.0	-1.0	-1.0	-1.0	-1.0	-1.0	-1.0	-1.0	
-1.0	-1.0	-1.0	-1.0	-1.0	-1.0	-1.0	-1.0	-1.0	-1.0	0.5372549019607844	0.9921568627450981	0.9921568627450981	0.23921568627450984	0.8588235294117648	0.9921568627450981	0.9921568627450981	-0.2784313725490196	-1.0	-1.0	-1.0	-1.0	-1.0	-1.0	-1.0	-1.0	-1.0	-1.0	
-1.0	-1.0	-1.0	-1.0	-1.0	-1.0	-1.0	-1.0	-1.0	-1.0	0.5372549019607844	1.0	0.9921568627450981	0.388235294117647	0.9921568627450981	0.9921568627450981	1.0	-0.2784313725490196	-1.0	-1.0	-1.0	-1.0	-1.0	-1.0	-1.0	-1.0	-1.0	-1.0	
-1.0	-1.0	-1.0	-1.0	-1.0	-1.0	-1.0	-1.0	-1.0	-1.0	0.2784313725490195	0.9921568627450981	0.9921568627450981	0.615686274509804	0.9921568627450981	0.9921568627450981	0.9921568627450981	-0.2784313725490196	-1.0	-1.0	-1.0	-1.0	-1.0	-1.0	-1.0	-1.0	-1.0	-1.0	
-1.0	-1.0	-1.0	-1.0	-1.0	-1.0	-1.0	-1.0	-1.0	-1.0	-1.0	0.4274509803921569	0.968627450980392	0.9921568627450981	0.9921568627450981	0.9921568627450981	0.9921568627450981	-0.2784313725490196	-1.0	-1.0	-1.0	-1.0	-1.0	-1.0	-1.0	-1.0	-1.0	-1.0	
-1.0	-1.0	-1.0	-1.0	-1.0	-1.0	-1.0	-1.0	-1.0	-1.0	-1.0	-1.0	0.7960784313725491	0.968627450980392	0.9921568627450981	0.9921568627450981	0.7098039215686274	-0.584313725490196	-1.0	-1.0	-1.0	-1.0	-1.0	-1.0	-1.0	-1.0	-1.0	-1.0	
-1.0	-1.0	-1.0	-1.0	-1.0	-1.0	-1.0	-1.0	-1.0	-1.0	-1.0	-1.0	-1.0	0.4274509803921569	0.9921568627450981	0.6862745098039216	0.06666666666666665	-1.0	-1.0	-1.0	-1.0	-1.0	-1.0	-1.0	-1.0	-1.0	-1.0	-1.0	
-1.0	-1.0	-1.0	-1.0	-1.0	-1.0	-1.0	-1.0	-1.0	-1.0	-1.0	-1.0	-1.0	-1.0	-1.0	-1.0	-1.0	-1.0	-1.0	-1.0	-1.0	-1.0	-1.0	-1.0	-1.0	-1.0	-1.0	-1.0	
-1.0	-1.0	-1.0	-1.0	-1.0	-1.0	-1.0	-1.0	-1.0	-1.0	-1.0	-1.0	-1.0	-1.0	-1.0	-1.0	-1.0	-1.0	-1.0	-1.0	-1.0	-1.0	-1.0	-1.0	-1.0	-1.0	-1.0	-1.0	
-1.0	-1.0	-1.0	-1.0	-1.0	-1.0	-1.0	-1.0	-1.0	-1.0	-1.0	-1.0	-1.0	-1.0	-1.0	-1.0	-1.0	-1.0	-1.0	-1.0	-1.0	-1.0	-1.0	-1.0	-1.0	-1.0	-1.0	-1.0	
