0 0 0 0 0 0 1 0 0 0 

-1.0	-1.0	-1.0	-1.0	-1.0	-1.0	-1.0	-1.0	-1.0	-1.0	-1.0	-1.0	-1.0	-1.0	-1.0	-1.0	-1.0	-1.0	-1.0	-1.0	-1.0	-1.0	-1.0	-1.0	-1.0	-1.0	-1.0	-1.0	
-1.0	-1.0	-1.0	-1.0	-1.0	-1.0	-1.0	-1.0	-1.0	-1.0	-1.0	-1.0	-1.0	-1.0	-1.0	-1.0	-1.0	-1.0	-1.0	-1.0	-1.0	-1.0	-1.0	-1.0	-1.0	-1.0	-1.0	-1.0	
-1.0	-1.0	-1.0	-1.0	-1.0	-1.0	-1.0	-1.0	-1.0	-1.0	-1.0	-1.0	-1.0	-1.0	-1.0	-1.0	-1.0	-1.0	-1.0	-1.0	-1.0	-1.0	-1.0	-1.0	-1.0	-1.0	-1.0	-1.0	
-1.0	-1.0	-1.0	-1.0	-1.0	-1.0	-1.0	-1.0	-1.0	-0.14509803921568631	0.9294117647058824	0.607843137254902	-0.8980392156862745	-1.0	-1.0	-1.0	-1.0	-1.0	-1.0	-1.0	-1.0	-1.0	-1.0	-1.0	-1.0	-1.0	-1.0	-1.0	
-1.0	-1.0	-1.0	-1.0	-1.0	-1.0	-1.0	-1.0	-1.0	0.24705882352941178	1.0	1.0	0.21568627450980382	-1.0	-1.0	-1.0	-1.0	-1.0	-1.0	-1.0	-1.0	-1.0	-1.0	-1.0	-1.0	-1.0	-1.0	-1.0	
-1.0	-1.0	-1.0	-1.0	-1.0	-1.0	-1.0	-1.0	-0.1686274509803921	0.9294117647058824	1.0	1.0	0.48235294117647065	-1.0	-1.0	-1.0	-1.0	-1.0	-1.0	-1.0	-1.0	-1.0	-1.0	-1.0	-1.0	-1.0	-1.0	-1.0	
-1.0	-1.0	-1.0	-1.0	-1.0	-1.0	-1.0	-1.0	0.5450980392156863	1.0	1.0	0.8901960784313725	-0.15294117647058825	-1.0	-1.0	-1.0	-1.0	-1.0	-1.0	-1.0	-1.0	-1.0	-1.0	-1.0	-1.0	-1.0	-1.0	-1.0	
-1.0	-1.0	-1.0	-1.0	-1.0	-1.0	-1.0	-1.0	0.6784313725490196	1.0	1.0	0.3568627450980393	-1.0	-1.0	-1.0	-1.0	-1.0	-1.0	0.2078431372549019	0.584313725490196	0.7725490196078431	-0.2313725490196078	-1.0	-1.0	-1.0	-1.0	-1.0	-1.0	
-1.0	-1.0	-1.0	-1.0	-1.0	-1.0	-1.0	-0.22352941176470587	0.968627450980392	1.0	0.8666666666666667	-0.4274509803921569	-1.0	-1.0	-1.0	-1.0	-1.0	0.5058823529411764	0.9921568627450981	1.0	1.0	0.8509803921568628	-0.24705882352941178	-1.0	-1.0	-1.0	-1.0	-1.0	
-1.0	-1.0	-1.0	-1.0	-1.0	-1.0	-1.0	0.28627450980392166	1.0	1.0	0.3647058823529412	-1.0	-1.0	-1.0	-1.0	-1.0	-0.14509803921568631	0.9294117647058824	1.0	1.0	1.0	1.0	0.6313725490196078	-0.2549019607843137	-1.0	-1.0	-1.0	-1.0	
-1.0	-1.0	-1.0	-1.0	-1.0	-1.0	-0.5372549019607843	0.8431372549019607	1.0	0.8509803921568628	-0.3647058823529412	-1.0	-1.0	-1.0	-1.0	-0.6705882352941177	0.5764705882352941	1.0	1.0	1.0	1.0	1.0	1.0	0.7098039215686274	-0.7333333333333334	-1.0	-1.0	-1.0	
-1.0	-1.0	-1.0	-1.0	-1.0	-1.0	-0.4117647058823529	1.0	1.0	0.7254901960784315	-1.0	-1.0	-1.0	-1.0	-1.0	0.5058823529411764	1.0	1.0	1.0	0.6784313725490196	0.28627450980392166	0.6784313725490196	0.9607843137254901	1.0	0.46666666666666656	-0.7803921568627451	-1.0	-1.0	
-1.0	-1.0	-1.0	-1.0	-1.0	-1.0	-0.4117647058823529	1.0	1.0	0.7254901960784315	-1.0	-1.0	-1.0	-1.0	0.027450980392156765	0.9215686274509804	1.0	1.0	0.9058823529411764	-0.13725490196078427	-1.0	-1.0	0.607843137254902	1.0	1.0	-0.4274509803921569	-1.0	-1.0	
-1.0	-1.0	-1.0	-1.0	-1.0	-1.0	-0.4117647058823529	1.0	0.9372549019607843	0.1450980392156862	-1.0	-1.0	-1.0	-0.39607843137254906	0.9215686274509804	1.0	1.0	0.8980392156862744	-0.0980392156862745	-1.0	-1.0	-1.0	-0.44313725490196076	0.7098039215686274	1.0	-0.4274509803921569	-1.0	-1.0	
-1.0	-1.0	-1.0	-1.0	-1.0	-1.0	-0.4117647058823529	1.0	0.803921568627451	-1.0	-1.0	-1.0	-0.06666666666666665	0.6470588235294117	1.0	1.0	0.8980392156862744	-0.08235294117647063	-1.0	-1.0	-1.0	-1.0	-1.0	0.21568627450980382	1.0	0.1450980392156862	-1.0	-1.0	
-1.0	-1.0	-1.0	-1.0	-1.0	-1.0	0.46666666666666656	1.0	0.803921568627451	-1.0	-1.0	-1.0	0.7098039215686274	1.0	1.0	1.0	0.45882352941176463	-1.0	-1.0	-1.0	-1.0	-1.0	-1.0	0.21568627450980382	1.0	0.1215686274509804	-1.0	-1.0	
-1.0	-1.0	-1.0	-1.0	-1.0	-1.0	0.5215686274509803	1.0	0.803921568627451	-1.0	-1.0	0.6549019607843136	1.0	1.0	0.9921568627450981	0.16862745098039222	-0.8274509803921568	-1.0	-1.0	-1.0	-1.0	-0.30980392156862746	0.6313725490196078	0.9843137254901961	1.0	-0.39607843137254906	-1.0	-1.0	
-1.0	-1.0	-1.0	-1.0	-1.0	-1.0	0.5215686274509803	1.0	0.8274509803921568	-0.607843137254902	-0.5372549019607843	0.9058823529411764	1.0	0.9921568627450981	0.4901960784313726	-1.0	-1.0	-1.0	-1.0	-0.24705882352941178	-0.0980392156862745	0.6627450980392158	1.0	1.0	0.780392156862745	-0.6392156862745098	-1.0	-1.0	
-1.0	-1.0	-1.0	-1.0	-1.0	-1.0	0.4039215686274509	1.0	1.0	0.607843137254902	0.43529411764705883	1.0	1.0	0.9137254901960785	-1.0	-0.33333333333333337	-0.45882352941176474	0.5686274509803921	0.6549019607843136	0.9921568627450981	1.0	1.0	0.9529411764705882	0.6627450980392158	-0.0039215686274509665	-1.0	-1.0	-1.0	
-1.0	-1.0	-1.0	-1.0	-1.0	-1.0	-0.4117647058823529	1.0	1.0	1.0	1.0	1.0	1.0	0.9764705882352942	0.7333333333333334	0.8666666666666667	0.8196078431372549	1.0	1.0	1.0	1.0	0.9529411764705882	0.2313725490196079	-1.0	-1.0	-1.0	-1.0	-1.0	
-1.0	-1.0	-1.0	-1.0	-1.0	-1.0	-0.4980392156862745	0.8823529411764706	1.0	1.0	1.0	1.0	1.0	1.0	1.0	1.0	1.0	1.0	1.0	0.9843137254901961	0.6784313725490196	0.21568627450980382	-1.0	-1.0	-1.0	-1.0	-1.0	-1.0	
-1.0	-1.0	-1.0	-1.0	-1.0	-1.0	-1.0	-0.15294117647058825	0.8823529411764706	1.0	1.0	1.0	1.0	1.0	1.0	1.0	1.0	0.6705882352941177	0.3254901960784313	-0.207843137254902	-1.0	-1.0	-1.0	-1.0	-1.0	-1.0	-1.0	-1.0	
-1.0	-1.0	-1.0	-1.0	-1.0	-1.0	-1.0	-1.0	-0.5215686274509803	0.3568627450980393	0.9215686274509804	1.0	0.780392156862745	0.7568627450980392	0.41176470588235303	-0.4274509803921569	-0.4274509803921569	-0.7803921568627451	-1.0	-1.0	-1.0	-1.0	-1.0	-1.0	-1.0	-1.0	-1.0	-1.0	
-1.0	-1.0	-1.0	-1.0	-1.0	-1.0	-1.0	-1.0	-1.0	-1.0	-1.0	-1.0	-1.0	-1.0	-1.0	-1.0	-1.0	-1.0	-1.0	-1.0	-1.0	-1.0	-1.0	-1.0	-1.0	-1.0	-1.0	-1.0	
-1.0	-1.0	-1.0	-1.0	-1.0	-1.0	-1.0	-1.0	-1.0	-1.0	-1.0	-1.0	-1.0	-1.0	-1.0	-1.0	-1.0	-1.0	-1.0	-1.0	-1.0	-1.0	-1.0	-1.0	-1.0	-1.0	-1.0	-1.0	
-1.0	-1.0	-1.0	-1.0	-1.0	-1.0	-1.0	-1.0	-1.0	-1.0	-1.0	-1.0	-1.0	-1.0	-1.0	-1.0	-1.0	-1.0	-1.0	-1.0	-1.0	-1.0	-1.0	-1.0	-1.0	-1.0	-1.0	-1.0	
-1.0	-1.0	-1.0	-1.0	-1.0	-1.0	-1.0	-1.0	-1.0	-1.0	-1.0	-1.0	-1.0	-1.0	-1.0	-1.0	-1.0	-1.0	-1.0	-1.0	-1.0	-1.0	-1.0	-1.0	-1.0	-1.0	-1.0	-1.0	
-1.0	-1.0	-1.0	-1.0	-1.0	-1.0	-1.0	-1.0	-1.0	-1.0	-1.0	-1.0	-1.0	-1.0	-1.0	-1.0	-1.0	-1.0	-1.0	-1.0	-1.0	-1.0	-1.0	-1.0	-1.0	-1.0	-1.0	-1.0	
