0 0 0 0 1 0 0 0 0 0 

-1.0	-1.0	-1.0	-1.0	-1.0	-1.0	-1.0	-1.0	-1.0	-1.0	-1.0	-1.0	-1.0	-1.0	-1.0	-1.0	-1.0	-1.0	-1.0	-1.0	-1.0	-1.0	-1.0	-1.0	-1.0	-1.0	-1.0	-1.0	
-1.0	-1.0	-1.0	-1.0	-1.0	-1.0	-1.0	-1.0	-1.0	-1.0	-1.0	-1.0	-1.0	-1.0	-1.0	-1.0	-1.0	-1.0	-1.0	-1.0	-1.0	-1.0	-1.0	-1.0	-1.0	-1.0	-1.0	-1.0	
-1.0	-1.0	-1.0	-1.0	-1.0	-1.0	-1.0	-1.0	-1.0	-1.0	-1.0	-1.0	-1.0	-1.0	-1.0	-1.0	-1.0	-1.0	-1.0	-1.0	-1.0	-1.0	-1.0	-1.0	-1.0	-1.0	-1.0	-1.0	
-1.0	-1.0	-1.0	-1.0	-1.0	-1.0	-1.0	-1.0	-1.0	-1.0	-1.0	-1.0	-1.0	-1.0	-1.0	-1.0	-1.0	-1.0	-1.0	-1.0	-1.0	-1.0	-1.0	-1.0	-1.0	-1.0	-1.0	-1.0	
-1.0	-1.0	-1.0	-1.0	-1.0	-1.0	-1.0	-1.0	-1.0	-1.0	-1.0	-1.0	-1.0	-1.0	-1.0	-1.0	-1.0	-1.0	-1.0	-1.0	-1.0	-1.0	-1.0	-1.0	-1.0	-1.0	-1.0	-1.0	
-1.0	-1.0	-1.0	-1.0	-1.0	-1.0	-1.0	-1.0	-1.0	-1.0	-1.0	-1.0	-1.0	-1.0	-1.0	-1.0	-1.0	-1.0	-1.0	-1.0	-1.0	-1.0	-1.0	-1.0	-1.0	-1.0	-1.0	-1.0	
-1.0	-1.0	-1.0	-1.0	-1.0	-1.0	-1.0	-1.0	-1.0	-1.0	-1.0	-1.0	0.19999999999999996	0.5764705882352941	-0.15294117647058825	-1.0	-1.0	-1.0	-1.0	-1.0	-1.0	-1.0	-0.34901960784313724	-0.05882352941176472	-0.2705882352941177	-1.0	-1.0	-1.0	
-1.0	-1.0	-1.0	-1.0	-1.0	-1.0	-1.0	-1.0	-1.0	-1.0	-1.0	-0.6705882352941177	0.4980392156862745	1.0	0.803921568627451	-1.0	-1.0	-1.0	-1.0	-1.0	-1.0	-1.0	0.5921568627450979	1.0	0.9137254901960785	-1.0	-1.0	-1.0	
-1.0	-1.0	-1.0	-1.0	-1.0	-1.0	-1.0	-1.0	-1.0	-1.0	-1.0	0.6862745098039216	1.0	0.7725490196078431	0.6000000000000001	-0.3647058823529412	-1.0	-1.0	-1.0	-1.0	-0.5215686274509803	0.8431372549019607	0.9921568627450981	0.9137254901960785	0.4901960784313726	-1.0	-1.0	-1.0	
-1.0	-1.0	-1.0	-1.0	-1.0	-1.0	-1.0	-1.0	-1.0	-1.0	0.4901960784313726	0.968627450980392	0.9294117647058824	0.0039215686274509665	-1.0	-1.0	-1.0	-1.0	-1.0	-1.0	0.4901960784313726	1.0	0.8666666666666667	0.06666666666666665	-1.0	-1.0	-1.0	-1.0	
-1.0	-1.0	-1.0	-1.0	-1.0	-1.0	-1.0	-1.0	-1.0	0.24705882352941178	0.9764705882352942	1.0	0.7176470588235293	-1.0	-1.0	-1.0	-1.0	-1.0	-1.0	-0.027450980392156876	0.9529411764705882	1.0	0.48235294117647065	-1.0	-1.0	-1.0	-1.0	-1.0	
-1.0	-1.0	-1.0	-1.0	-1.0	-1.0	-1.0	-1.0	0.03529411764705892	0.9764705882352942	1.0	0.6784313725490196	-0.2784313725490196	-1.0	-1.0	-1.0	-1.0	-1.0	0.08235294117647052	0.9215686274509804	1.0	0.5058823529411764	-0.5372549019607843	-1.0	-1.0	-1.0	-1.0	-1.0	
-1.0	-1.0	-1.0	-1.0	-1.0	-1.0	-0.6705882352941177	0.4901960784313726	0.9294117647058824	1.0	1.0	0.5058823529411764	-1.0	-1.0	-1.0	-1.0	-1.0	-0.11372549019607847	0.7098039215686274	1.0	0.9921568627450981	0.17647058823529416	-1.0	-1.0	-1.0	-1.0	-1.0	-1.0	
-1.0	-1.0	-1.0	-1.0	-1.0	-1.0	0.5137254901960784	1.0	1.0	1.0	0.8901960784313725	0.19215686274509802	-1.0	-1.0	-1.0	-1.0	-0.4117647058823529	0.607843137254902	1.0	1.0	0.6470588235294117	-1.0	-1.0	-1.0	-1.0	-1.0	-1.0	-1.0	
-1.0	-1.0	-1.0	-1.0	-1.0	-1.0	0.28627450980392166	1.0	1.0	1.0	1.0	0.7411764705882353	-0.11372549019607847	-0.6705882352941177	-1.0	-1.0	-1.0	0.26274509803921564	1.0	0.8745098039215686	-0.2313725490196078	-1.0	-1.0	-1.0	-1.0	-1.0	-1.0	-1.0	
-1.0	-1.0	-1.0	-1.0	-1.0	-0.22352941176470587	0.6705882352941177	1.0	1.0	1.0	1.0	1.0	1.0	0.9921568627450981	0.607843137254902	0.15294117647058814	0.39607843137254894	0.9137254901960785	1.0	0.6941176470588235	-1.0	-1.0	-1.0	-1.0	-1.0	-1.0	-1.0	-1.0	
-1.0	-1.0	-1.0	-1.0	-1.0	0.9294117647058824	1.0	1.0	1.0	1.0	1.0	1.0	1.0	1.0	1.0	1.0	1.0	1.0	1.0	0.9450980392156862	-0.3647058823529412	-1.0	-1.0	-1.0	-1.0	-1.0	-1.0	-1.0	
-1.0	-1.0	-1.0	-1.0	-1.0	0.6784313725490196	0.6862745098039216	-0.027450980392156876	-0.7019607843137254	-0.7019607843137254	-0.7019607843137254	-0.7019607843137254	-0.7019607843137254	0.28627450980392166	0.8745098039215686	1.0	1.0	1.0	1.0	0.9529411764705882	-0.3647058823529412	-1.0	-1.0	-1.0	-1.0	-1.0	-1.0	-1.0	
-1.0	-1.0	-1.0	-1.0	-1.0	-1.0	-1.0	-1.0	-1.0	-1.0	-1.0	-1.0	-1.0	-1.0	0.24705882352941178	1.0	1.0	0.584313725490196	0.05882352941176472	-0.10588235294117643	-1.0	-1.0	-1.0	-1.0	-1.0	-1.0	-1.0	-1.0	
-1.0	-1.0	-1.0	-1.0	-1.0	-1.0	-1.0	-1.0	-1.0	-1.0	-1.0	-1.0	-1.0	0.050980392156862786	0.9764705882352942	1.0	0.34901960784313735	-0.7333333333333334	-1.0	-1.0	-1.0	-1.0	-1.0	-1.0	-1.0	-1.0	-1.0	-1.0	
-1.0	-1.0	-1.0	-1.0	-1.0	-1.0	-1.0	-1.0	-1.0	-1.0	-1.0	-1.0	-0.3803921568627451	0.7882352941176471	1.0	0.584313725490196	-0.8274509803921568	-1.0	-1.0	-1.0	-1.0	-1.0	-1.0	-1.0	-1.0	-1.0	-1.0	-1.0	
-1.0	-1.0	-1.0	-1.0	-1.0	-1.0	-1.0	-1.0	-1.0	-1.0	-1.0	-0.607843137254902	0.615686274509804	1.0	0.7019607843137254	-0.2784313725490196	-1.0	-1.0	-1.0	-1.0	-1.0	-1.0	-1.0	-1.0	-1.0	-1.0	-1.0	-1.0	
-1.0	-1.0	-1.0	-1.0	-1.0	-1.0	-1.0	-1.0	-1.0	-1.0	-1.0	0.23921568627450984	1.0	0.9843137254901961	-0.22352941176470587	-1.0	-1.0	-1.0	-1.0	-1.0	-1.0	-1.0	-1.0	-1.0	-1.0	-1.0	-1.0	-1.0	
-1.0	-1.0	-1.0	-1.0	-1.0	-1.0	-1.0	-1.0	-1.0	-1.0	-0.15294117647058825	0.8823529411764706	0.9921568627450981	0.388235294117647	-1.0	-1.0	-1.0	-1.0	-1.0	-1.0	-1.0	-1.0	-1.0	-1.0	-1.0	-1.0	-1.0	-1.0	
-1.0	-1.0	-1.0	-1.0	-1.0	-1.0	-1.0	-1.0	-1.0	-0.5372549019607843	0.8352941176470587	1.0	0.46666666666666656	-1.0	-1.0	-1.0	-1.0	-1.0	-1.0	-1.0	-1.0	-1.0	-1.0	-1.0	-1.0	-1.0	-1.0	-1.0	
-1.0	-1.0	-1.0	-1.0	-1.0	-1.0	-1.0	-1.0	-1.0	-1.0	-0.207843137254902	-0.07450980392156858	-0.44313725490196076	-1.0	-1.0	-1.0	-1.0	-1.0	-1.0	-1.0	-1.0	-1.0	-1.0	-1.0	-1.0	-1.0	-1.0	-1.0	
-1.0	-1.0	-1.0	-1.0	-1.0	-1.0	-1.0	-1.0	-1.0	-1.0	-1.0	-1.0	-1.0	-1.0	-1.0	-1.0	-1.0	-1.0	-1.0	-1.0	-1.0	-1.0	-1.0	-1.0	-1.0	-1.0	-1.0	-1.0	
-1.0	-1.0	-1.0	-1.0	-1.0	-1.0	-1.0	-1.0	-1.0	-1.0	-1.0	-1.0	-1.0	-1.0	-1.0	-1.0	-1.0	-1.0	-1.0	-1.0	-1.0	-1.0	-1.0	-1.0	-1.0	-1.0	-1.0	-1.0	
