1 0 0 0 0 0 0 0 0 0 

-1.0	-1.0	-1.0	-1.0	-1.0	-1.0	-1.0	-1.0	-1.0	-1.0	-1.0	-1.0	-1.0	-1.0	-1.0	-1.0	-1.0	-1.0	-1.0	-1.0	-1.0	-1.0	-1.0	-1.0	-1.0	-1.0	-1.0	-1.0	
-1.0	-1.0	-1.0	-1.0	-1.0	-1.0	-1.0	-1.0	-1.0	-1.0	-1.0	-1.0	-1.0	-1.0	-1.0	-1.0	-1.0	-1.0	-1.0	-1.0	-1.0	-1.0	-1.0	-1.0	-1.0	-1.0	-1.0	-1.0	
-1.0	-1.0	-1.0	-1.0	-1.0	-1.0	-1.0	-1.0	-1.0	-1.0	-1.0	-1.0	-1.0	-1.0	-1.0	-1.0	-1.0	-1.0	-1.0	-1.0	-1.0	-1.0	-1.0	-1.0	-1.0	-1.0	-1.0	-1.0	
-1.0	-1.0	-1.0	-1.0	-1.0	-1.0	-1.0	-1.0	-1.0	-1.0	-1.0	-1.0	-1.0	-1.0	-1.0	-0.4980392156862745	0.8352941176470587	0.9215686274509804	0.33333333333333326	-1.0	-1.0	-1.0	-1.0	-1.0	-1.0	-1.0	-1.0	-1.0	
-1.0	-1.0	-1.0	-1.0	-1.0	-1.0	-1.0	-1.0	-1.0	-1.0	-1.0	-1.0	-1.0	-1.0	-0.8274509803921568	0.34901960784313735	1.0	1.0	0.5058823529411764	-1.0	-1.0	-1.0	-1.0	-1.0	-1.0	-1.0	-1.0	-1.0	
-1.0	-1.0	-1.0	-1.0	-1.0	-1.0	-1.0	-1.0	-1.0	-1.0	-1.0	-1.0	-1.0	-1.0	-0.24705882352941178	1.0	1.0	1.0	0.803921568627451	-0.584313725490196	-1.0	-1.0	-1.0	-1.0	-1.0	-1.0	-1.0	-1.0	
-1.0	-1.0	-1.0	-1.0	-1.0	-1.0	-1.0	-1.0	-1.0	-1.0	-1.0	-1.0	-1.0	-0.3254901960784313	0.8588235294117648	1.0	1.0	1.0	1.0	0.3019607843137255	-0.5607843137254902	-1.0	-1.0	-1.0	-1.0	-1.0	-1.0	-1.0	
-1.0	-1.0	-1.0	-1.0	-1.0	-1.0	-1.0	-1.0	-1.0	-1.0	-1.0	-1.0	-1.0	0.584313725490196	1.0	1.0	0.8901960784313725	1.0	1.0	1.0	0.16862745098039222	-1.0	-1.0	-1.0	-1.0	-1.0	-1.0	-1.0	
-1.0	-1.0	-1.0	-1.0	-1.0	-1.0	-1.0	-1.0	-1.0	-1.0	-1.0	-1.0	0.4274509803921569	0.9921568627450981	1.0	0.9294117647058824	-0.11372549019607847	0.8509803921568628	1.0	1.0	0.6705882352941177	-1.0	-1.0	-1.0	-1.0	-1.0	-1.0	-1.0	
-1.0	-1.0	-1.0	-1.0	-1.0	-1.0	-1.0	-1.0	-1.0	-1.0	-0.2549019607843137	0.4901960784313726	0.9843137254901961	1.0	0.9843137254901961	0.33333333333333326	0.4039215686274509	0.24705882352941178	0.607843137254902	1.0	0.9372549019607843	0.1215686274509804	-1.0	-1.0	-1.0	-1.0	-1.0	-1.0	
-1.0	-1.0	-1.0	-1.0	-1.0	-1.0	-1.0	-1.0	-1.0	-1.0	0.4901960784313726	1.0	1.0	1.0	0.9764705882352942	0.019607843137254832	0.04313725490196085	-1.0	0.050980392156862786	1.0	1.0	0.615686274509804	-1.0	-1.0	-1.0	-1.0	-1.0	-1.0	
-1.0	-1.0	-1.0	-1.0	-1.0	-1.0	-1.0	-1.0	-1.0	0.4274509803921569	0.9843137254901961	1.0	1.0	0.5529411764705883	-0.3254901960784313	-0.5607843137254902	-1.0	-1.0	-0.6705882352941177	0.7960784313725491	1.0	0.615686274509804	-1.0	-1.0	-1.0	-1.0	-1.0	-1.0	
-1.0	-1.0	-1.0	-1.0	-1.0	-1.0	-1.0	-1.0	0.03529411764705892	0.9921568627450981	1.0	1.0	0.803921568627451	0.48235294117647065	-1.0	-1.0	-1.0	-1.0	-1.0	0.780392156862745	1.0	0.615686274509804	-1.0	-1.0	-1.0	-1.0	-1.0	-1.0	
-1.0	-1.0	-1.0	-1.0	-1.0	-1.0	-1.0	-0.050980392156862786	1.0	1.0	1.0	0.9843137254901961	0.7333333333333334	0.11372549019607847	-1.0	-1.0	-1.0	-1.0	0.05882352941176472	1.0	1.0	0.615686274509804	-1.0	-1.0	-1.0	-1.0	-1.0	-1.0	
-1.0	-1.0	-1.0	-1.0	-1.0	-1.0	-1.0	0.4274509803921569	1.0	1.0	0.968627450980392	0.21568627450980382	-1.0	-1.0	-1.0	-1.0	-1.0	-1.0	0.1450980392156862	1.0	1.0	0.5607843137254902	-1.0	-1.0	-1.0	-1.0	-1.0	-1.0	
-1.0	-1.0	-1.0	-1.0	-1.0	-1.0	-0.1215686274509804	0.8823529411764706	1.0	1.0	0.5921568627450979	-1.0	-1.0	-1.0	-1.0	-1.0	-1.0	-0.2313725490196078	0.8980392156862744	1.0	0.803921568627451	-0.48235294117647054	-1.0	-1.0	-1.0	-1.0	-1.0	-1.0	
-1.0	-1.0	-1.0	-1.0	-1.0	-1.0	0.615686274509804	1.0	1.0	0.9450980392156862	-0.14509803921568631	-1.0	-1.0	-1.0	-1.0	-1.0	-0.6392156862745098	0.5607843137254902	1.0	1.0	0.6705882352941177	-1.0	-1.0	-1.0	-1.0	-1.0	-1.0	-1.0	
-1.0	-1.0	-1.0	-1.0	-1.0	-1.0	0.615686274509804	1.0	1.0	0.2784313725490195	-1.0	-1.0	-1.0	-1.0	-1.0	-1.0	0.4509803921568627	1.0	1.0	1.0	0.2078431372549019	-1.0	-1.0	-1.0	-1.0	-1.0	-1.0	-1.0	
-1.0	-1.0	-1.0	-1.0	-1.0	-1.0	0.615686274509804	1.0	1.0	0.04313725490196085	-1.0	-1.0	-1.0	-1.0	-0.7333333333333334	0.5450980392156863	0.9215686274509804	1.0	0.9372549019607843	0.24705882352941178	-0.5215686274509803	-1.0	-1.0	-1.0	-1.0	-1.0	-1.0	-1.0	
-1.0	-1.0	-1.0	-1.0	-1.0	-0.5215686274509803	0.8117647058823529	1.0	1.0	0.45882352941176463	-0.44313725490196076	-0.207843137254902	0.2313725490196079	0.5529411764705883	0.8352941176470587	1.0	1.0	0.9372549019607843	0.12941176470588234	-1.0	-1.0	-1.0	-1.0	-1.0	-1.0	-1.0	-1.0	-1.0	
-1.0	-1.0	-1.0	-1.0	-1.0	-1.0	0.615686274509804	1.0	1.0	1.0	0.8980392156862744	0.9215686274509804	1.0	1.0	1.0	1.0	0.7725490196078431	0.11372549019607847	-1.0	-1.0	-1.0	-1.0	-1.0	-1.0	-1.0	-1.0	-1.0	-1.0	
-1.0	-1.0	-1.0	-1.0	-1.0	-1.0	-0.22352941176470587	0.8666666666666667	1.0	1.0	1.0	1.0	1.0	1.0	0.9843137254901961	0.1607843137254903	-0.584313725490196	-1.0	-1.0	-1.0	-1.0	-1.0	-1.0	-1.0	-1.0	-1.0	-1.0	-1.0	
-1.0	-1.0	-1.0	-1.0	-1.0	-1.0	-1.0	-0.2313725490196078	0.6392156862745098	1.0	1.0	1.0	0.5529411764705883	0.1607843137254903	-0.5372549019607843	-1.0	-1.0	-1.0	-1.0	-1.0	-1.0	-1.0	-1.0	-1.0	-1.0	-1.0	-1.0	-1.0	
-1.0	-1.0	-1.0	-1.0	-1.0	-1.0	-1.0	-1.0	-1.0	-1.0	-1.0	-1.0	-1.0	-1.0	-1.0	-1.0	-1.0	-1.0	-1.0	-1.0	-1.0	-1.0	-1.0	-1.0	-1.0	-1.0	-1.0	-1.0	
-1.0	-1.0	-1.0	-1.0	-1.0	-1.0	-1.0	-1.0	-1.0	-1.0	-1.0	-1.0	-1.0	-1.0	-1.0	-1.0	-1.0	-1.0	-1.0	-1.0	-1.0	-1.0	-1.0	-1.0	-1.0	-1.0	-1.0	-1.0	
-1.0	-1.0	-1.0	-1.0	-1.0	-1.0	-1.0	-1.0	-1.0	-1.0	-1.0	-1.0	-1.0	-1.0	-1.0	-1.0	-1.0	-1.0	-1.0	-1.0	-1.0	-1.0	-1.0	-1.0	-1.0	-1.0	-1.0	-1.0	
-1.0	-1.0	-1.0	-1.0	-1.0	-1.0	-1.0	-1.0	-1.0	-1.0	-1.0	-1.0	-1.0	-1.0	-1.0	-1.0	-1.0	-1.0	-1.0	-1.0	-1.0	-1.0	-1.0	-1.0	-1.0	-1.0	-1.0	-1.0	
-1.0	-1.0	-1.0	-1.0	-1.0	-1.0	-1.0	-1.0	-1.0	-1.0	-1.0	-1.0	-1.0	-1.0	-1.0	-1.0	-1.0	-1.0	-1.0	-1.0	-1.0	-1.0	-1.0	-1.0	-1.0	-1.0	-1.0	-1.0	
